(kicad_pcb (version 20171130) (host pcbnew "(5.0.1-3-g963ef8bb5)")

  (general
    (thickness 1.6)
    (drawings 6)
    (tracks 308)
    (zones 0)
    (modules 49)
    (nets 63)
  )

  (page A4)
  (layers
    (0 F.Cu signal hide)
    (31 B.Cu signal hide)
    (32 B.Adhes user hide)
    (33 F.Adhes user hide)
    (34 B.Paste user hide)
    (35 F.Paste user hide)
    (36 B.SilkS user hide)
    (37 F.SilkS user)
    (38 B.Mask user hide)
    (39 F.Mask user)
    (40 Dwgs.User user hide)
    (41 Cmts.User user hide)
    (42 Eco1.User user hide)
    (43 Eco2.User user hide)
    (44 Edge.Cuts user)
    (45 Margin user hide)
    (46 B.CrtYd user hide)
    (47 F.CrtYd user hide)
    (48 B.Fab user hide)
    (49 F.Fab user hide)
  )

  (setup
    (last_trace_width 0.5)
    (trace_clearance 0.3)
    (zone_clearance 0.508)
    (zone_45_only no)
    (trace_min 0.5)
    (segment_width 0.2)
    (edge_width 0.1)
    (via_size 0.8)
    (via_drill 0.4)
    (via_min_size 0.4)
    (via_min_drill 0.3)
    (uvia_size 0.4)
    (uvia_drill 0.2)
    (uvias_allowed no)
    (uvia_min_size 0.4)
    (uvia_min_drill 0.1)
    (pcb_text_width 0.3)
    (pcb_text_size 1.5 1.5)
    (mod_edge_width 0.15)
    (mod_text_size 1 1)
    (mod_text_width 0.15)
    (pad_size 0.975 1.4)
    (pad_drill 0)
    (pad_to_mask_clearance 0)
    (solder_mask_min_width 0.25)
    (aux_axis_origin 0 0)
    (visible_elements FFFFFF7F)
    (pcbplotparams
      (layerselection 0x010fc_ffffffff)
      (usegerberextensions false)
      (usegerberattributes false)
      (usegerberadvancedattributes false)
      (creategerberjobfile false)
      (excludeedgelayer true)
      (linewidth 0.100000)
      (plotframeref false)
      (viasonmask false)
      (mode 1)
      (useauxorigin false)
      (hpglpennumber 1)
      (hpglpenspeed 20)
      (hpglpendiameter 15.000000)
      (psnegative false)
      (psa4output false)
      (plotreference true)
      (plotvalue true)
      (plotinvisibletext false)
      (padsonsilk false)
      (subtractmaskfromsilk false)
      (outputformat 1)
      (mirror false)
      (drillshape 1)
      (scaleselection 1)
      (outputdirectory ""))
  )

  (net 0 "")
  (net 1 VDD)
  (net 2 GND)
  (net 3 +12V)
  (net 4 "Net-(D2-Pad1)")
  (net 5 "Net-(D1-Pad1)")
  (net 6 "Net-(A4-Pad9)")
  (net 7 "Net-(A4-Pad10)")
  (net 8 "Net-(A4-Pad3)")
  (net 9 /SPI_SCK)
  (net 10 "Net-(A4-Pad4)")
  (net 11 /SPI_CS)
  (net 12 "Net-(A4-Pad5)")
  (net 13 "Net-(A2-Pad10)")
  (net 14 "Net-(A4-Pad6)")
  (net 15 "Net-(A4-Pad14)")
  (net 16 "Net-(A4-Pad15)")
  (net 17 "Net-(A4-Pad16)")
  (net 18 "Net-(A5-Pad16)")
  (net 19 "Net-(A5-Pad15)")
  (net 20 "Net-(A5-Pad14)")
  (net 21 "Net-(A5-Pad6)")
  (net 22 "Net-(A5-Pad13)")
  (net 23 "Net-(A5-Pad5)")
  (net 24 "Net-(A5-Pad4)")
  (net 25 "Net-(A5-Pad3)")
  (net 26 "Net-(A3-Pad13)")
  (net 27 "Net-(A5-Pad9)")
  (net 28 "Net-(A6-Pad9)")
  (net 29 "Net-(A6-Pad3)")
  (net 30 "Net-(A6-Pad4)")
  (net 31 "Net-(A6-Pad5)")
  (net 32 "Net-(A6-Pad6)")
  (net 33 "Net-(A6-Pad14)")
  (net 34 "Net-(A6-Pad15)")
  (net 35 "Net-(A6-Pad16)")
  (net 36 "Net-(A2-Pad16)")
  (net 37 "Net-(A2-Pad15)")
  (net 38 "Net-(A2-Pad14)")
  (net 39 "Net-(A2-Pad6)")
  (net 40 "Net-(A2-Pad13)")
  (net 41 "Net-(A2-Pad5)")
  (net 42 "Net-(A2-Pad4)")
  (net 43 "Net-(A2-Pad3)")
  (net 44 "Net-(A2-Pad9)")
  (net 45 "Net-(A3-Pad9)")
  (net 46 "Net-(A1-Pad13)")
  (net 47 "Net-(A3-Pad3)")
  (net 48 "Net-(A3-Pad4)")
  (net 49 "Net-(A3-Pad5)")
  (net 50 "Net-(A3-Pad6)")
  (net 51 "Net-(A3-Pad14)")
  (net 52 "Net-(A3-Pad15)")
  (net 53 "Net-(A3-Pad16)")
  (net 54 "Net-(A1-Pad16)")
  (net 55 "Net-(A1-Pad15)")
  (net 56 "Net-(A1-Pad14)")
  (net 57 "Net-(A1-Pad6)")
  (net 58 "Net-(A1-Pad5)")
  (net 59 "Net-(A1-Pad4)")
  (net 60 "Net-(A1-Pad3)")
  (net 61 "Net-(A1-Pad10)")
  (net 62 "Net-(A1-Pad9)")

  (net_class Default "Это класс цепей по умолчанию."
    (clearance 0.3)
    (trace_width 0.5)
    (via_dia 0.8)
    (via_drill 0.4)
    (uvia_dia 0.4)
    (uvia_drill 0.2)
    (diff_pair_gap 0.5)
    (diff_pair_width 0.5)
    (add_net /SPI_CS)
    (add_net /SPI_SCK)
    (add_net "Net-(A1-Pad10)")
    (add_net "Net-(A1-Pad13)")
    (add_net "Net-(A1-Pad14)")
    (add_net "Net-(A1-Pad15)")
    (add_net "Net-(A1-Pad16)")
    (add_net "Net-(A1-Pad9)")
    (add_net "Net-(A2-Pad10)")
    (add_net "Net-(A2-Pad13)")
    (add_net "Net-(A2-Pad14)")
    (add_net "Net-(A2-Pad15)")
    (add_net "Net-(A2-Pad16)")
    (add_net "Net-(A2-Pad9)")
    (add_net "Net-(A3-Pad13)")
    (add_net "Net-(A3-Pad14)")
    (add_net "Net-(A3-Pad15)")
    (add_net "Net-(A3-Pad16)")
    (add_net "Net-(A3-Pad9)")
    (add_net "Net-(A4-Pad10)")
    (add_net "Net-(A4-Pad14)")
    (add_net "Net-(A4-Pad15)")
    (add_net "Net-(A4-Pad16)")
    (add_net "Net-(A4-Pad9)")
    (add_net "Net-(A5-Pad13)")
    (add_net "Net-(A5-Pad14)")
    (add_net "Net-(A5-Pad15)")
    (add_net "Net-(A5-Pad16)")
    (add_net "Net-(A5-Pad9)")
    (add_net "Net-(A6-Pad14)")
    (add_net "Net-(A6-Pad15)")
    (add_net "Net-(A6-Pad16)")
    (add_net "Net-(A6-Pad9)")
    (add_net "Net-(D1-Pad1)")
    (add_net "Net-(D2-Pad1)")
  )

  (net_class power ""
    (clearance 0.4)
    (trace_width 2)
    (via_dia 1.5)
    (via_drill 0.8)
    (uvia_dia 0.4)
    (uvia_drill 0.2)
    (diff_pair_gap 0.25)
    (diff_pair_width 0.5)
    (add_net +12V)
    (add_net GND)
    (add_net "Net-(A1-Pad3)")
    (add_net "Net-(A1-Pad4)")
    (add_net "Net-(A1-Pad5)")
    (add_net "Net-(A1-Pad6)")
    (add_net "Net-(A2-Pad3)")
    (add_net "Net-(A2-Pad4)")
    (add_net "Net-(A2-Pad5)")
    (add_net "Net-(A2-Pad6)")
    (add_net "Net-(A3-Pad3)")
    (add_net "Net-(A3-Pad4)")
    (add_net "Net-(A3-Pad5)")
    (add_net "Net-(A3-Pad6)")
    (add_net "Net-(A4-Pad3)")
    (add_net "Net-(A4-Pad4)")
    (add_net "Net-(A4-Pad5)")
    (add_net "Net-(A4-Pad6)")
    (add_net "Net-(A5-Pad3)")
    (add_net "Net-(A5-Pad4)")
    (add_net "Net-(A5-Pad5)")
    (add_net "Net-(A5-Pad6)")
    (add_net "Net-(A6-Pad3)")
    (add_net "Net-(A6-Pad4)")
    (add_net "Net-(A6-Pad5)")
    (add_net "Net-(A6-Pad6)")
  )

  (net_class power2 ""
    (clearance 0.4)
    (trace_width 1)
    (via_dia 0.8)
    (via_drill 0.4)
    (uvia_dia 0.4)
    (uvia_drill 0.2)
    (diff_pair_gap 0.25)
    (diff_pair_width 0.5)
    (add_net VDD)
  )

  (module Resistor_SMD:R_0805_2012Metric (layer B.Cu) (tedit 5B36C52B) (tstamp 5BE96B78)
    (at 57.15 41.91 270)
    (descr "Resistor SMD 0805 (2012 Metric), square (rectangular) end terminal, IPC_7351 nominal, (Body size source: https://docs.google.com/spreadsheets/d/1BsfQQcO9C6DZCsRaXUlFlo91Tg2WpOkGARC1WS5S8t0/edit?usp=sharing), generated with kicad-footprint-generator")
    (tags resistor)
    (path /5BE9FEA4)
    (attr smd)
    (fp_text reference R3 (at -2.54 0 270) (layer B.SilkS)
      (effects (font (size 1 1) (thickness 0.15)) (justify mirror))
    )
    (fp_text value R (at 0 -1.65 270) (layer B.Fab)
      (effects (font (size 1 1) (thickness 0.15)) (justify mirror))
    )
    (fp_line (start -1 -0.6) (end -1 0.6) (layer B.Fab) (width 0.1))
    (fp_line (start -1 0.6) (end 1 0.6) (layer B.Fab) (width 0.1))
    (fp_line (start 1 0.6) (end 1 -0.6) (layer B.Fab) (width 0.1))
    (fp_line (start 1 -0.6) (end -1 -0.6) (layer B.Fab) (width 0.1))
    (fp_line (start -0.258578 0.71) (end 0.258578 0.71) (layer B.SilkS) (width 0.12))
    (fp_line (start -0.258578 -0.71) (end 0.258578 -0.71) (layer B.SilkS) (width 0.12))
    (fp_line (start -1.68 -0.95) (end -1.68 0.95) (layer B.CrtYd) (width 0.05))
    (fp_line (start -1.68 0.95) (end 1.68 0.95) (layer B.CrtYd) (width 0.05))
    (fp_line (start 1.68 0.95) (end 1.68 -0.95) (layer B.CrtYd) (width 0.05))
    (fp_line (start 1.68 -0.95) (end -1.68 -0.95) (layer B.CrtYd) (width 0.05))
    (fp_text user %R (at 0 0 270) (layer B.Fab)
      (effects (font (size 0.5 0.5) (thickness 0.08)) (justify mirror))
    )
    (pad 1 smd roundrect (at -0.9375 0 270) (size 0.975 1.4) (layers B.Cu B.Paste B.Mask) (roundrect_rratio 0.25)
      (net 1 VDD))
    (pad 2 smd roundrect (at 0.9375 0 270) (size 0.975 1.4) (layers B.Cu B.Paste B.Mask) (roundrect_rratio 0.25)
      (net 62 "Net-(A1-Pad9)"))
    (model ${KISYS3DMOD}/Resistor_SMD.3dshapes/R_0805_2012Metric.wrl
      (at (xyz 0 0 0))
      (scale (xyz 1 1 1))
      (rotate (xyz 0 0 0))
    )
  )

  (module Resistor_SMD:R_0805_2012Metric (layer B.Cu) (tedit 5B36C52B) (tstamp 5BE97096)
    (at 59.69 41.91 90)
    (descr "Resistor SMD 0805 (2012 Metric), square (rectangular) end terminal, IPC_7351 nominal, (Body size source: https://docs.google.com/spreadsheets/d/1BsfQQcO9C6DZCsRaXUlFlo91Tg2WpOkGARC1WS5S8t0/edit?usp=sharing), generated with kicad-footprint-generator")
    (tags resistor)
    (path /5BEE74EF)
    (attr smd)
    (fp_text reference R4 (at 2.54 0 90) (layer B.SilkS)
      (effects (font (size 1 1) (thickness 0.15)) (justify mirror))
    )
    (fp_text value R (at 0 -1.65 90) (layer B.Fab)
      (effects (font (size 1 1) (thickness 0.15)) (justify mirror))
    )
    (fp_text user %R (at 0 0 90) (layer B.Fab)
      (effects (font (size 0.5 0.5) (thickness 0.08)) (justify mirror))
    )
    (fp_line (start 1.68 -0.95) (end -1.68 -0.95) (layer B.CrtYd) (width 0.05))
    (fp_line (start 1.68 0.95) (end 1.68 -0.95) (layer B.CrtYd) (width 0.05))
    (fp_line (start -1.68 0.95) (end 1.68 0.95) (layer B.CrtYd) (width 0.05))
    (fp_line (start -1.68 -0.95) (end -1.68 0.95) (layer B.CrtYd) (width 0.05))
    (fp_line (start -0.258578 -0.71) (end 0.258578 -0.71) (layer B.SilkS) (width 0.12))
    (fp_line (start -0.258578 0.71) (end 0.258578 0.71) (layer B.SilkS) (width 0.12))
    (fp_line (start 1 -0.6) (end -1 -0.6) (layer B.Fab) (width 0.1))
    (fp_line (start 1 0.6) (end 1 -0.6) (layer B.Fab) (width 0.1))
    (fp_line (start -1 0.6) (end 1 0.6) (layer B.Fab) (width 0.1))
    (fp_line (start -1 -0.6) (end -1 0.6) (layer B.Fab) (width 0.1))
    (pad 2 smd roundrect (at 0.9375 0 90) (size 0.975 1.4) (layers B.Cu B.Paste B.Mask) (roundrect_rratio 0.25)
      (net 1 VDD))
    (pad 1 smd roundrect (at -0.9375 0 90) (size 0.975 1.4) (layers B.Cu B.Paste B.Mask) (roundrect_rratio 0.25)
      (net 61 "Net-(A1-Pad10)"))
    (model ${KISYS3DMOD}/Resistor_SMD.3dshapes/R_0805_2012Metric.wrl
      (at (xyz 0 0 0))
      (scale (xyz 1 1 1))
      (rotate (xyz 0 0 0))
    )
  )

  (module Resistor_SMD:R_0805_2012Metric (layer B.Cu) (tedit 5B36C52B) (tstamp 5BE97085)
    (at 74.93 59.3575 90)
    (descr "Resistor SMD 0805 (2012 Metric), square (rectangular) end terminal, IPC_7351 nominal, (Body size source: https://docs.google.com/spreadsheets/d/1BsfQQcO9C6DZCsRaXUlFlo91Tg2WpOkGARC1WS5S8t0/edit?usp=sharing), generated with kicad-footprint-generator")
    (tags resistor)
    (path /5BECA500)
    (attr smd)
    (fp_text reference R5 (at 0 1.65 90) (layer B.SilkS)
      (effects (font (size 1 1) (thickness 0.15)) (justify mirror))
    )
    (fp_text value R (at 0 -1.65 90) (layer B.Fab)
      (effects (font (size 1 1) (thickness 0.15)) (justify mirror))
    )
    (fp_line (start -1 -0.6) (end -1 0.6) (layer B.Fab) (width 0.1))
    (fp_line (start -1 0.6) (end 1 0.6) (layer B.Fab) (width 0.1))
    (fp_line (start 1 0.6) (end 1 -0.6) (layer B.Fab) (width 0.1))
    (fp_line (start 1 -0.6) (end -1 -0.6) (layer B.Fab) (width 0.1))
    (fp_line (start -0.258578 0.71) (end 0.258578 0.71) (layer B.SilkS) (width 0.12))
    (fp_line (start -0.258578 -0.71) (end 0.258578 -0.71) (layer B.SilkS) (width 0.12))
    (fp_line (start -1.68 -0.95) (end -1.68 0.95) (layer B.CrtYd) (width 0.05))
    (fp_line (start -1.68 0.95) (end 1.68 0.95) (layer B.CrtYd) (width 0.05))
    (fp_line (start 1.68 0.95) (end 1.68 -0.95) (layer B.CrtYd) (width 0.05))
    (fp_line (start 1.68 -0.95) (end -1.68 -0.95) (layer B.CrtYd) (width 0.05))
    (fp_text user %R (at 0 0 90) (layer B.Fab)
      (effects (font (size 0.5 0.5) (thickness 0.08)) (justify mirror))
    )
    (pad 1 smd roundrect (at -0.9375 0 90) (size 0.975 1.4) (layers B.Cu B.Paste B.Mask) (roundrect_rratio 0.25)
      (net 1 VDD))
    (pad 2 smd roundrect (at 0.9375 0 90) (size 0.975 1.4) (layers B.Cu B.Paste B.Mask) (roundrect_rratio 0.25)
      (net 44 "Net-(A2-Pad9)"))
    (model ${KISYS3DMOD}/Resistor_SMD.3dshapes/R_0805_2012Metric.wrl
      (at (xyz 0 0 0))
      (scale (xyz 1 1 1))
      (rotate (xyz 0 0 0))
    )
  )

  (module Resistor_SMD:R_0805_2012Metric (layer B.Cu) (tedit 5B36C52B) (tstamp 5BE97074)
    (at 62.23 41.91 90)
    (descr "Resistor SMD 0805 (2012 Metric), square (rectangular) end terminal, IPC_7351 nominal, (Body size source: https://docs.google.com/spreadsheets/d/1BsfQQcO9C6DZCsRaXUlFlo91Tg2WpOkGARC1WS5S8t0/edit?usp=sharing), generated with kicad-footprint-generator")
    (tags resistor)
    (path /5BEDED69)
    (attr smd)
    (fp_text reference R6 (at 2.54 0 90) (layer B.SilkS)
      (effects (font (size 1 1) (thickness 0.15)) (justify mirror))
    )
    (fp_text value R (at 0 -1.65 90) (layer B.Fab)
      (effects (font (size 1 1) (thickness 0.15)) (justify mirror))
    )
    (fp_text user %R (at 0 0 90) (layer B.Fab)
      (effects (font (size 0.5 0.5) (thickness 0.08)) (justify mirror))
    )
    (fp_line (start 1.68 -0.95) (end -1.68 -0.95) (layer B.CrtYd) (width 0.05))
    (fp_line (start 1.68 0.95) (end 1.68 -0.95) (layer B.CrtYd) (width 0.05))
    (fp_line (start -1.68 0.95) (end 1.68 0.95) (layer B.CrtYd) (width 0.05))
    (fp_line (start -1.68 -0.95) (end -1.68 0.95) (layer B.CrtYd) (width 0.05))
    (fp_line (start -0.258578 -0.71) (end 0.258578 -0.71) (layer B.SilkS) (width 0.12))
    (fp_line (start -0.258578 0.71) (end 0.258578 0.71) (layer B.SilkS) (width 0.12))
    (fp_line (start 1 -0.6) (end -1 -0.6) (layer B.Fab) (width 0.1))
    (fp_line (start 1 0.6) (end 1 -0.6) (layer B.Fab) (width 0.1))
    (fp_line (start -1 0.6) (end 1 0.6) (layer B.Fab) (width 0.1))
    (fp_line (start -1 -0.6) (end -1 0.6) (layer B.Fab) (width 0.1))
    (pad 2 smd roundrect (at 0.9375 0 90) (size 0.975 1.4) (layers B.Cu B.Paste B.Mask) (roundrect_rratio 0.25)
      (net 1 VDD))
    (pad 1 smd roundrect (at -0.9375 0 90) (size 0.975 1.4) (layers B.Cu B.Paste B.Mask) (roundrect_rratio 0.25)
      (net 9 /SPI_SCK))
    (model ${KISYS3DMOD}/Resistor_SMD.3dshapes/R_0805_2012Metric.wrl
      (at (xyz 0 0 0))
      (scale (xyz 1 1 1))
      (rotate (xyz 0 0 0))
    )
  )

  (module Resistor_SMD:R_0805_2012Metric (layer B.Cu) (tedit 5B36C52B) (tstamp 5BE97063)
    (at 64.77 41.91 90)
    (descr "Resistor SMD 0805 (2012 Metric), square (rectangular) end terminal, IPC_7351 nominal, (Body size source: https://docs.google.com/spreadsheets/d/1BsfQQcO9C6DZCsRaXUlFlo91Tg2WpOkGARC1WS5S8t0/edit?usp=sharing), generated with kicad-footprint-generator")
    (tags resistor)
    (path /5BED6496)
    (attr smd)
    (fp_text reference R7 (at 2.54 0 90) (layer B.SilkS)
      (effects (font (size 1 1) (thickness 0.15)) (justify mirror))
    )
    (fp_text value R (at 0 -1.65 90) (layer B.Fab)
      (effects (font (size 1 1) (thickness 0.15)) (justify mirror))
    )
    (fp_line (start -1 -0.6) (end -1 0.6) (layer B.Fab) (width 0.1))
    (fp_line (start -1 0.6) (end 1 0.6) (layer B.Fab) (width 0.1))
    (fp_line (start 1 0.6) (end 1 -0.6) (layer B.Fab) (width 0.1))
    (fp_line (start 1 -0.6) (end -1 -0.6) (layer B.Fab) (width 0.1))
    (fp_line (start -0.258578 0.71) (end 0.258578 0.71) (layer B.SilkS) (width 0.12))
    (fp_line (start -0.258578 -0.71) (end 0.258578 -0.71) (layer B.SilkS) (width 0.12))
    (fp_line (start -1.68 -0.95) (end -1.68 0.95) (layer B.CrtYd) (width 0.05))
    (fp_line (start -1.68 0.95) (end 1.68 0.95) (layer B.CrtYd) (width 0.05))
    (fp_line (start 1.68 0.95) (end 1.68 -0.95) (layer B.CrtYd) (width 0.05))
    (fp_line (start 1.68 -0.95) (end -1.68 -0.95) (layer B.CrtYd) (width 0.05))
    (fp_text user %R (at 0 0 90) (layer B.Fab)
      (effects (font (size 0.5 0.5) (thickness 0.08)) (justify mirror))
    )
    (pad 1 smd roundrect (at -0.9375 0 90) (size 0.975 1.4) (layers B.Cu B.Paste B.Mask) (roundrect_rratio 0.25)
      (net 11 /SPI_CS))
    (pad 2 smd roundrect (at 0.9375 0 90) (size 0.975 1.4) (layers B.Cu B.Paste B.Mask) (roundrect_rratio 0.25)
      (net 1 VDD))
    (model ${KISYS3DMOD}/Resistor_SMD.3dshapes/R_0805_2012Metric.wrl
      (at (xyz 0 0 0))
      (scale (xyz 1 1 1))
      (rotate (xyz 0 0 0))
    )
  )

  (module Resistor_SMD:R_0805_2012Metric (layer B.Cu) (tedit 5BE93E47) (tstamp 5BE97052)
    (at 90.17 41.91 270)
    (descr "Resistor SMD 0805 (2012 Metric), square (rectangular) end terminal, IPC_7351 nominal, (Body size source: https://docs.google.com/spreadsheets/d/1BsfQQcO9C6DZCsRaXUlFlo91Tg2WpOkGARC1WS5S8t0/edit?usp=sharing), generated with kicad-footprint-generator")
    (tags resistor)
    (path /5BEA7DB5)
    (attr smd)
    (fp_text reference R8 (at 0 1.65 270) (layer B.SilkS)
      (effects (font (size 1 1) (thickness 0.15)) (justify mirror))
    )
    (fp_text value R (at 0 -1.65 270) (layer B.Fab)
      (effects (font (size 1 1) (thickness 0.15)) (justify mirror))
    )
    (fp_text user %R (at 0 0 270) (layer B.Fab)
      (effects (font (size 0.5 0.5) (thickness 0.08)) (justify mirror))
    )
    (fp_line (start 1.68 -0.95) (end -1.68 -0.95) (layer B.CrtYd) (width 0.05))
    (fp_line (start 1.68 0.95) (end 1.68 -0.95) (layer B.CrtYd) (width 0.05))
    (fp_line (start -1.68 0.95) (end 1.68 0.95) (layer B.CrtYd) (width 0.05))
    (fp_line (start -1.68 -0.95) (end -1.68 0.95) (layer B.CrtYd) (width 0.05))
    (fp_line (start -0.258578 -0.71) (end 0.258578 -0.71) (layer B.SilkS) (width 0.12))
    (fp_line (start -0.258578 0.71) (end 0.258578 0.71) (layer B.SilkS) (width 0.12))
    (fp_line (start 1 -0.6) (end -1 -0.6) (layer B.Fab) (width 0.1))
    (fp_line (start 1 0.6) (end 1 -0.6) (layer B.Fab) (width 0.1))
    (fp_line (start -1 0.6) (end 1 0.6) (layer B.Fab) (width 0.1))
    (fp_line (start -1 -0.6) (end -1 0.6) (layer B.Fab) (width 0.1))
    (pad 2 smd roundrect (at 0.9375 0 270) (size 0.975 1.4) (layers B.Cu B.Paste B.Mask) (roundrect_rratio 0.25)
      (net 45 "Net-(A3-Pad9)"))
    (pad 1 smd roundrect (at -0.9375 0 270) (size 0.975 1.4) (layers B.Cu B.Paste B.Mask) (roundrect_rratio 0.25)
      (net 1 VDD))
    (model ${KISYS3DMOD}/Resistor_SMD.3dshapes/R_0805_2012Metric.wrl
      (at (xyz 0 0 0))
      (scale (xyz 1 1 1))
      (rotate (xyz 0 0 0))
    )
  )

  (module Resistor_SMD:R_0805_2012Metric (layer B.Cu) (tedit 5B36C52B) (tstamp 5BE97041)
    (at 107.95 59.69 90)
    (descr "Resistor SMD 0805 (2012 Metric), square (rectangular) end terminal, IPC_7351 nominal, (Body size source: https://docs.google.com/spreadsheets/d/1BsfQQcO9C6DZCsRaXUlFlo91Tg2WpOkGARC1WS5S8t0/edit?usp=sharing), generated with kicad-footprint-generator")
    (tags resistor)
    (path /5BEC1DF8)
    (attr smd)
    (fp_text reference R9 (at 0 1.65 90) (layer B.SilkS)
      (effects (font (size 1 1) (thickness 0.15)) (justify mirror))
    )
    (fp_text value R (at 0 -1.65 90) (layer B.Fab)
      (effects (font (size 1 1) (thickness 0.15)) (justify mirror))
    )
    (fp_line (start -1 -0.6) (end -1 0.6) (layer B.Fab) (width 0.1))
    (fp_line (start -1 0.6) (end 1 0.6) (layer B.Fab) (width 0.1))
    (fp_line (start 1 0.6) (end 1 -0.6) (layer B.Fab) (width 0.1))
    (fp_line (start 1 -0.6) (end -1 -0.6) (layer B.Fab) (width 0.1))
    (fp_line (start -0.258578 0.71) (end 0.258578 0.71) (layer B.SilkS) (width 0.12))
    (fp_line (start -0.258578 -0.71) (end 0.258578 -0.71) (layer B.SilkS) (width 0.12))
    (fp_line (start -1.68 -0.95) (end -1.68 0.95) (layer B.CrtYd) (width 0.05))
    (fp_line (start -1.68 0.95) (end 1.68 0.95) (layer B.CrtYd) (width 0.05))
    (fp_line (start 1.68 0.95) (end 1.68 -0.95) (layer B.CrtYd) (width 0.05))
    (fp_line (start 1.68 -0.95) (end -1.68 -0.95) (layer B.CrtYd) (width 0.05))
    (fp_text user %R (at 0 0 90) (layer B.Fab)
      (effects (font (size 0.5 0.5) (thickness 0.08)) (justify mirror))
    )
    (pad 1 smd roundrect (at -0.9375 0 90) (size 0.975 1.4) (layers B.Cu B.Paste B.Mask) (roundrect_rratio 0.25)
      (net 1 VDD))
    (pad 2 smd roundrect (at 0.9375 0 90) (size 0.975 1.4) (layers B.Cu B.Paste B.Mask) (roundrect_rratio 0.25)
      (net 6 "Net-(A4-Pad9)"))
    (model ${KISYS3DMOD}/Resistor_SMD.3dshapes/R_0805_2012Metric.wrl
      (at (xyz 0 0 0))
      (scale (xyz 1 1 1))
      (rotate (xyz 0 0 0))
    )
  )

  (module Resistor_SMD:R_0805_2012Metric (layer B.Cu) (tedit 5B36C52B) (tstamp 5BE97030)
    (at 123.19 42.2425 270)
    (descr "Resistor SMD 0805 (2012 Metric), square (rectangular) end terminal, IPC_7351 nominal, (Body size source: https://docs.google.com/spreadsheets/d/1BsfQQcO9C6DZCsRaXUlFlo91Tg2WpOkGARC1WS5S8t0/edit?usp=sharing), generated with kicad-footprint-generator")
    (tags resistor)
    (path /5BEB0C89)
    (attr smd)
    (fp_text reference R10 (at 0 1.65 270) (layer B.SilkS)
      (effects (font (size 1 1) (thickness 0.15)) (justify mirror))
    )
    (fp_text value R (at 0 -1.65 270) (layer B.Fab)
      (effects (font (size 1 1) (thickness 0.15)) (justify mirror))
    )
    (fp_text user %R (at 0 0 270) (layer B.Fab)
      (effects (font (size 0.5 0.5) (thickness 0.08)) (justify mirror))
    )
    (fp_line (start 1.68 -0.95) (end -1.68 -0.95) (layer B.CrtYd) (width 0.05))
    (fp_line (start 1.68 0.95) (end 1.68 -0.95) (layer B.CrtYd) (width 0.05))
    (fp_line (start -1.68 0.95) (end 1.68 0.95) (layer B.CrtYd) (width 0.05))
    (fp_line (start -1.68 -0.95) (end -1.68 0.95) (layer B.CrtYd) (width 0.05))
    (fp_line (start -0.258578 -0.71) (end 0.258578 -0.71) (layer B.SilkS) (width 0.12))
    (fp_line (start -0.258578 0.71) (end 0.258578 0.71) (layer B.SilkS) (width 0.12))
    (fp_line (start 1 -0.6) (end -1 -0.6) (layer B.Fab) (width 0.1))
    (fp_line (start 1 0.6) (end 1 -0.6) (layer B.Fab) (width 0.1))
    (fp_line (start -1 0.6) (end 1 0.6) (layer B.Fab) (width 0.1))
    (fp_line (start -1 -0.6) (end -1 0.6) (layer B.Fab) (width 0.1))
    (pad 2 smd roundrect (at 0.9375 0 270) (size 0.975 1.4) (layers B.Cu B.Paste B.Mask) (roundrect_rratio 0.25)
      (net 27 "Net-(A5-Pad9)"))
    (pad 1 smd roundrect (at -0.9375 0 270) (size 0.975 1.4) (layers B.Cu B.Paste B.Mask) (roundrect_rratio 0.25)
      (net 1 VDD))
    (model ${KISYS3DMOD}/Resistor_SMD.3dshapes/R_0805_2012Metric.wrl
      (at (xyz 0 0 0))
      (scale (xyz 1 1 1))
      (rotate (xyz 0 0 0))
    )
  )

  (module Resistor_SMD:R_0805_2012Metric (layer B.Cu) (tedit 5B36C52B) (tstamp 5BE9701F)
    (at 140.97 59.69 90)
    (descr "Resistor SMD 0805 (2012 Metric), square (rectangular) end terminal, IPC_7351 nominal, (Body size source: https://docs.google.com/spreadsheets/d/1BsfQQcO9C6DZCsRaXUlFlo91Tg2WpOkGARC1WS5S8t0/edit?usp=sharing), generated with kicad-footprint-generator")
    (tags resistor)
    (path /5BEB9945)
    (attr smd)
    (fp_text reference R11 (at 0 1.65 90) (layer B.SilkS)
      (effects (font (size 1 1) (thickness 0.15)) (justify mirror))
    )
    (fp_text value R (at 0 -1.65 90) (layer B.Fab)
      (effects (font (size 1 1) (thickness 0.15)) (justify mirror))
    )
    (fp_line (start -1 -0.6) (end -1 0.6) (layer B.Fab) (width 0.1))
    (fp_line (start -1 0.6) (end 1 0.6) (layer B.Fab) (width 0.1))
    (fp_line (start 1 0.6) (end 1 -0.6) (layer B.Fab) (width 0.1))
    (fp_line (start 1 -0.6) (end -1 -0.6) (layer B.Fab) (width 0.1))
    (fp_line (start -0.258578 0.71) (end 0.258578 0.71) (layer B.SilkS) (width 0.12))
    (fp_line (start -0.258578 -0.71) (end 0.258578 -0.71) (layer B.SilkS) (width 0.12))
    (fp_line (start -1.68 -0.95) (end -1.68 0.95) (layer B.CrtYd) (width 0.05))
    (fp_line (start -1.68 0.95) (end 1.68 0.95) (layer B.CrtYd) (width 0.05))
    (fp_line (start 1.68 0.95) (end 1.68 -0.95) (layer B.CrtYd) (width 0.05))
    (fp_line (start 1.68 -0.95) (end -1.68 -0.95) (layer B.CrtYd) (width 0.05))
    (fp_text user %R (at 0 0 90) (layer B.Fab)
      (effects (font (size 0.5 0.5) (thickness 0.08)) (justify mirror))
    )
    (pad 1 smd roundrect (at -0.9375 0 90) (size 0.975 1.4) (layers B.Cu B.Paste B.Mask) (roundrect_rratio 0.25)
      (net 1 VDD))
    (pad 2 smd roundrect (at 0.9375 0 90) (size 0.975 1.4) (layers B.Cu B.Paste B.Mask) (roundrect_rratio 0.25)
      (net 28 "Net-(A6-Pad9)"))
    (model ${KISYS3DMOD}/Resistor_SMD.3dshapes/R_0805_2012Metric.wrl
      (at (xyz 0 0 0))
      (scale (xyz 1 1 1))
      (rotate (xyz 0 0 0))
    )
  )

  (module Module:Pololu_Breakout-16_15.2x20.3mm (layer F.Cu) (tedit 58AB602C) (tstamp 5C0EDB4D)
    (at 57.15 68.58 90)
    (descr "Pololu Breakout 16-pin 15.2x20.3mm 0.6x0.8\\")
    (tags "Pololu Breakout")
    (path /5BEE38C8)
    (fp_text reference A2 (at 6.35 -2.54 90) (layer F.SilkS)
      (effects (font (size 1 1) (thickness 0.15)))
    )
    (fp_text value TMC2130_Breakout (at 6.35 20.17 90) (layer F.Fab)
      (effects (font (size 1 1) (thickness 0.15)))
    )
    (fp_line (start 14.21 19.3) (end -1.53 19.3) (layer F.CrtYd) (width 0.05))
    (fp_line (start 14.21 19.3) (end 14.21 -1.52) (layer F.CrtYd) (width 0.05))
    (fp_line (start -1.53 -1.52) (end -1.53 19.3) (layer F.CrtYd) (width 0.05))
    (fp_line (start -1.53 -1.52) (end 14.21 -1.52) (layer F.CrtYd) (width 0.05))
    (fp_line (start -1.27 19.05) (end -1.27 0) (layer F.Fab) (width 0.1))
    (fp_line (start 13.97 19.05) (end -1.27 19.05) (layer F.Fab) (width 0.1))
    (fp_line (start 13.97 -1.27) (end 13.97 19.05) (layer F.Fab) (width 0.1))
    (fp_line (start 0 -1.27) (end 13.97 -1.27) (layer F.Fab) (width 0.1))
    (fp_line (start -1.27 0) (end 0 -1.27) (layer F.Fab) (width 0.1))
    (fp_line (start 14.1 -1.4) (end 1.27 -1.4) (layer F.SilkS) (width 0.12))
    (fp_line (start 14.1 19.18) (end 14.1 -1.4) (layer F.SilkS) (width 0.12))
    (fp_line (start -1.4 19.18) (end 14.1 19.18) (layer F.SilkS) (width 0.12))
    (fp_line (start -1.4 1.27) (end -1.4 19.18) (layer F.SilkS) (width 0.12))
    (fp_line (start 1.27 1.27) (end -1.4 1.27) (layer F.SilkS) (width 0.12))
    (fp_line (start 1.27 -1.4) (end 1.27 1.27) (layer F.SilkS) (width 0.12))
    (fp_line (start -1.4 -1.4) (end -1.4 0) (layer F.SilkS) (width 0.12))
    (fp_line (start 0 -1.4) (end -1.4 -1.4) (layer F.SilkS) (width 0.12))
    (fp_line (start 1.27 1.27) (end 1.27 19.18) (layer F.SilkS) (width 0.12))
    (fp_line (start 11.43 -1.4) (end 11.43 19.18) (layer F.SilkS) (width 0.12))
    (fp_text user %R (at 6.35 0 90) (layer F.Fab)
      (effects (font (size 1 1) (thickness 0.15)))
    )
    (pad 16 thru_hole oval (at 12.7 0 90) (size 1.6 1.6) (drill 0.8) (layers *.Cu *.Mask)
      (net 36 "Net-(A2-Pad16)"))
    (pad 8 thru_hole oval (at 0 17.78 90) (size 1.6 1.6) (drill 0.8) (layers *.Cu *.Mask)
      (net 3 +12V))
    (pad 15 thru_hole oval (at 12.7 2.54 90) (size 1.6 1.6) (drill 0.8) (layers *.Cu *.Mask)
      (net 37 "Net-(A2-Pad15)"))
    (pad 7 thru_hole oval (at 0 15.24 90) (size 1.6 1.6) (drill 0.8) (layers *.Cu *.Mask)
      (net 2 GND))
    (pad 14 thru_hole oval (at 12.7 5.08 90) (size 1.6 1.6) (drill 0.8) (layers *.Cu *.Mask)
      (net 38 "Net-(A2-Pad14)"))
    (pad 6 thru_hole oval (at 0 12.7 90) (size 1.6 1.6) (drill 0.8) (layers *.Cu *.Mask)
      (net 39 "Net-(A2-Pad6)"))
    (pad 13 thru_hole oval (at 12.7 7.62 90) (size 1.6 1.6) (drill 0.8) (layers *.Cu *.Mask)
      (net 40 "Net-(A2-Pad13)"))
    (pad 5 thru_hole oval (at 0 10.16 90) (size 1.6 1.6) (drill 0.8) (layers *.Cu *.Mask)
      (net 41 "Net-(A2-Pad5)"))
    (pad 12 thru_hole oval (at 12.7 10.16 90) (size 1.6 1.6) (drill 0.8) (layers *.Cu *.Mask)
      (net 11 /SPI_CS))
    (pad 4 thru_hole oval (at 0 7.62 90) (size 1.6 1.6) (drill 0.8) (layers *.Cu *.Mask)
      (net 42 "Net-(A2-Pad4)"))
    (pad 11 thru_hole oval (at 12.7 12.7 90) (size 1.6 1.6) (drill 0.8) (layers *.Cu *.Mask)
      (net 9 /SPI_SCK))
    (pad 3 thru_hole oval (at 0 5.08 90) (size 1.6 1.6) (drill 0.8) (layers *.Cu *.Mask)
      (net 43 "Net-(A2-Pad3)"))
    (pad 10 thru_hole oval (at 12.7 15.24 90) (size 1.6 1.6) (drill 0.8) (layers *.Cu *.Mask)
      (net 13 "Net-(A2-Pad10)"))
    (pad 2 thru_hole oval (at 0 2.54 90) (size 1.6 1.6) (drill 0.8) (layers *.Cu *.Mask)
      (net 1 VDD))
    (pad 9 thru_hole oval (at 12.7 17.78 90) (size 1.6 1.6) (drill 0.8) (layers *.Cu *.Mask)
      (net 44 "Net-(A2-Pad9)"))
    (pad 1 thru_hole rect (at 0 0 90) (size 1.6 1.6) (drill 0.8) (layers *.Cu *.Mask)
      (net 2 GND))
    (model ${KISYS3DMOD}/Module.3dshapes/Pololu_Breakout-16_15.2x20.3mm.wrl
      (at (xyz 0 0 0))
      (scale (xyz 1 1 1))
      (rotate (xyz 0 0 0))
    )
  )

  (module Module:Pololu_Breakout-16_15.2x20.3mm (layer F.Cu) (tedit 58AB602C) (tstamp 5C0EDAD8)
    (at 107.95 33.02 270)
    (descr "Pololu Breakout 16-pin 15.2x20.3mm 0.6x0.8\\")
    (tags "Pololu Breakout")
    (path /5BEDE497)
    (fp_text reference A3 (at 6.35 -2.54 270) (layer F.SilkS)
      (effects (font (size 1 1) (thickness 0.15)))
    )
    (fp_text value TMC2130_Breakout (at 6.35 20.17 270) (layer F.Fab)
      (effects (font (size 1 1) (thickness 0.15)))
    )
    (fp_text user %R (at 6.35 0 270) (layer F.Fab)
      (effects (font (size 1 1) (thickness 0.15)))
    )
    (fp_line (start 11.43 -1.4) (end 11.43 19.18) (layer F.SilkS) (width 0.12))
    (fp_line (start 1.27 1.27) (end 1.27 19.18) (layer F.SilkS) (width 0.12))
    (fp_line (start 0 -1.4) (end -1.4 -1.4) (layer F.SilkS) (width 0.12))
    (fp_line (start -1.4 -1.4) (end -1.4 0) (layer F.SilkS) (width 0.12))
    (fp_line (start 1.27 -1.4) (end 1.27 1.27) (layer F.SilkS) (width 0.12))
    (fp_line (start 1.27 1.27) (end -1.4 1.27) (layer F.SilkS) (width 0.12))
    (fp_line (start -1.4 1.27) (end -1.4 19.18) (layer F.SilkS) (width 0.12))
    (fp_line (start -1.4 19.18) (end 14.1 19.18) (layer F.SilkS) (width 0.12))
    (fp_line (start 14.1 19.18) (end 14.1 -1.4) (layer F.SilkS) (width 0.12))
    (fp_line (start 14.1 -1.4) (end 1.27 -1.4) (layer F.SilkS) (width 0.12))
    (fp_line (start -1.27 0) (end 0 -1.27) (layer F.Fab) (width 0.1))
    (fp_line (start 0 -1.27) (end 13.97 -1.27) (layer F.Fab) (width 0.1))
    (fp_line (start 13.97 -1.27) (end 13.97 19.05) (layer F.Fab) (width 0.1))
    (fp_line (start 13.97 19.05) (end -1.27 19.05) (layer F.Fab) (width 0.1))
    (fp_line (start -1.27 19.05) (end -1.27 0) (layer F.Fab) (width 0.1))
    (fp_line (start -1.53 -1.52) (end 14.21 -1.52) (layer F.CrtYd) (width 0.05))
    (fp_line (start -1.53 -1.52) (end -1.53 19.3) (layer F.CrtYd) (width 0.05))
    (fp_line (start 14.21 19.3) (end 14.21 -1.52) (layer F.CrtYd) (width 0.05))
    (fp_line (start 14.21 19.3) (end -1.53 19.3) (layer F.CrtYd) (width 0.05))
    (pad 1 thru_hole rect (at 0 0 270) (size 1.6 1.6) (drill 0.8) (layers *.Cu *.Mask)
      (net 2 GND))
    (pad 9 thru_hole oval (at 12.7 17.78 270) (size 1.6 1.6) (drill 0.8) (layers *.Cu *.Mask)
      (net 45 "Net-(A3-Pad9)"))
    (pad 2 thru_hole oval (at 0 2.54 270) (size 1.6 1.6) (drill 0.8) (layers *.Cu *.Mask)
      (net 1 VDD))
    (pad 10 thru_hole oval (at 12.7 15.24 270) (size 1.6 1.6) (drill 0.8) (layers *.Cu *.Mask)
      (net 46 "Net-(A1-Pad13)"))
    (pad 3 thru_hole oval (at 0 5.08 270) (size 1.6 1.6) (drill 0.8) (layers *.Cu *.Mask)
      (net 47 "Net-(A3-Pad3)"))
    (pad 11 thru_hole oval (at 12.7 12.7 270) (size 1.6 1.6) (drill 0.8) (layers *.Cu *.Mask)
      (net 9 /SPI_SCK))
    (pad 4 thru_hole oval (at 0 7.62 270) (size 1.6 1.6) (drill 0.8) (layers *.Cu *.Mask)
      (net 48 "Net-(A3-Pad4)"))
    (pad 12 thru_hole oval (at 12.7 10.16 270) (size 1.6 1.6) (drill 0.8) (layers *.Cu *.Mask)
      (net 11 /SPI_CS))
    (pad 5 thru_hole oval (at 0 10.16 270) (size 1.6 1.6) (drill 0.8) (layers *.Cu *.Mask)
      (net 49 "Net-(A3-Pad5)"))
    (pad 13 thru_hole oval (at 12.7 7.62 270) (size 1.6 1.6) (drill 0.8) (layers *.Cu *.Mask)
      (net 26 "Net-(A3-Pad13)"))
    (pad 6 thru_hole oval (at 0 12.7 270) (size 1.6 1.6) (drill 0.8) (layers *.Cu *.Mask)
      (net 50 "Net-(A3-Pad6)"))
    (pad 14 thru_hole oval (at 12.7 5.08 270) (size 1.6 1.6) (drill 0.8) (layers *.Cu *.Mask)
      (net 51 "Net-(A3-Pad14)"))
    (pad 7 thru_hole oval (at 0 15.24 270) (size 1.6 1.6) (drill 0.8) (layers *.Cu *.Mask)
      (net 2 GND))
    (pad 15 thru_hole oval (at 12.7 2.54 270) (size 1.6 1.6) (drill 0.8) (layers *.Cu *.Mask)
      (net 52 "Net-(A3-Pad15)"))
    (pad 8 thru_hole oval (at 0 17.78 270) (size 1.6 1.6) (drill 0.8) (layers *.Cu *.Mask)
      (net 3 +12V))
    (pad 16 thru_hole oval (at 12.7 0 270) (size 1.6 1.6) (drill 0.8) (layers *.Cu *.Mask)
      (net 53 "Net-(A3-Pad16)"))
    (model ${KISYS3DMOD}/Module.3dshapes/Pololu_Breakout-16_15.2x20.3mm.wrl
      (at (xyz 0 0 0))
      (scale (xyz 1 1 1))
      (rotate (xyz 0 0 0))
    )
  )

  (module Capacitor_SMD:C_0805_2012Metric (layer B.Cu) (tedit 5B36C52B) (tstamp 5C0EDCAA)
    (at 41.5775 40.64 180)
    (descr "Capacitor SMD 0805 (2012 Metric), square (rectangular) end terminal, IPC_7351 nominal, (Body size source: https://docs.google.com/spreadsheets/d/1BsfQQcO9C6DZCsRaXUlFlo91Tg2WpOkGARC1WS5S8t0/edit?usp=sharing), generated with kicad-footprint-generator")
    (tags capacitor)
    (path /5BE89B1F)
    (attr smd)
    (fp_text reference C4 (at 0 1.65 180) (layer B.SilkS)
      (effects (font (size 1 1) (thickness 0.15)) (justify mirror))
    )
    (fp_text value C (at 0 -1.65 180) (layer B.Fab)
      (effects (font (size 1 1) (thickness 0.15)) (justify mirror))
    )
    (fp_text user %R (at 0 0 180) (layer B.Fab)
      (effects (font (size 0.5 0.5) (thickness 0.08)) (justify mirror))
    )
    (fp_line (start 1.68 -0.95) (end -1.68 -0.95) (layer B.CrtYd) (width 0.05))
    (fp_line (start 1.68 0.95) (end 1.68 -0.95) (layer B.CrtYd) (width 0.05))
    (fp_line (start -1.68 0.95) (end 1.68 0.95) (layer B.CrtYd) (width 0.05))
    (fp_line (start -1.68 -0.95) (end -1.68 0.95) (layer B.CrtYd) (width 0.05))
    (fp_line (start -0.258578 -0.71) (end 0.258578 -0.71) (layer B.SilkS) (width 0.12))
    (fp_line (start -0.258578 0.71) (end 0.258578 0.71) (layer B.SilkS) (width 0.12))
    (fp_line (start 1 -0.6) (end -1 -0.6) (layer B.Fab) (width 0.1))
    (fp_line (start 1 0.6) (end 1 -0.6) (layer B.Fab) (width 0.1))
    (fp_line (start -1 0.6) (end 1 0.6) (layer B.Fab) (width 0.1))
    (fp_line (start -1 -0.6) (end -1 0.6) (layer B.Fab) (width 0.1))
    (pad 2 smd roundrect (at 0.9375 0 180) (size 0.975 1.4) (layers B.Cu B.Paste B.Mask) (roundrect_rratio 0.25)
      (net 2 GND))
    (pad 1 smd roundrect (at -0.9375 0 180) (size 0.975 1.4) (layers B.Cu B.Paste B.Mask) (roundrect_rratio 0.25)
      (net 3 +12V))
    (model ${KISYS3DMOD}/Capacitor_SMD.3dshapes/C_0805_2012Metric.wrl
      (at (xyz 0 0 0))
      (scale (xyz 1 1 1))
      (rotate (xyz 0 0 0))
    )
  )

  (module Capacitor_SMD:C_0805_2012Metric (layer B.Cu) (tedit 5B36C52B) (tstamp 5C0EDCDA)
    (at 41.5775 60.96 180)
    (descr "Capacitor SMD 0805 (2012 Metric), square (rectangular) end terminal, IPC_7351 nominal, (Body size source: https://docs.google.com/spreadsheets/d/1BsfQQcO9C6DZCsRaXUlFlo91Tg2WpOkGARC1WS5S8t0/edit?usp=sharing), generated with kicad-footprint-generator")
    (tags capacitor)
    (path /5BEC78B7)
    (attr smd)
    (fp_text reference C3 (at 0 1.65 180) (layer B.SilkS)
      (effects (font (size 1 1) (thickness 0.15)) (justify mirror))
    )
    (fp_text value C (at 0 -1.65 180) (layer B.Fab)
      (effects (font (size 1 1) (thickness 0.15)) (justify mirror))
    )
    (fp_line (start -1 -0.6) (end -1 0.6) (layer B.Fab) (width 0.1))
    (fp_line (start -1 0.6) (end 1 0.6) (layer B.Fab) (width 0.1))
    (fp_line (start 1 0.6) (end 1 -0.6) (layer B.Fab) (width 0.1))
    (fp_line (start 1 -0.6) (end -1 -0.6) (layer B.Fab) (width 0.1))
    (fp_line (start -0.258578 0.71) (end 0.258578 0.71) (layer B.SilkS) (width 0.12))
    (fp_line (start -0.258578 -0.71) (end 0.258578 -0.71) (layer B.SilkS) (width 0.12))
    (fp_line (start -1.68 -0.95) (end -1.68 0.95) (layer B.CrtYd) (width 0.05))
    (fp_line (start -1.68 0.95) (end 1.68 0.95) (layer B.CrtYd) (width 0.05))
    (fp_line (start 1.68 0.95) (end 1.68 -0.95) (layer B.CrtYd) (width 0.05))
    (fp_line (start 1.68 -0.95) (end -1.68 -0.95) (layer B.CrtYd) (width 0.05))
    (fp_text user %R (at -0.3325 -1.27 180) (layer B.Fab)
      (effects (font (size 0.5 0.5) (thickness 0.08)) (justify mirror))
    )
    (pad 1 smd roundrect (at -0.9375 0 180) (size 0.975 1.4) (layers B.Cu B.Paste B.Mask) (roundrect_rratio 0.25)
      (net 1 VDD))
    (pad 2 smd roundrect (at 0.9375 0 180) (size 0.975 1.4) (layers B.Cu B.Paste B.Mask) (roundrect_rratio 0.25)
      (net 2 GND))
    (model ${KISYS3DMOD}/Capacitor_SMD.3dshapes/C_0805_2012Metric.wrl
      (at (xyz 0 0 0))
      (scale (xyz 1 1 1))
      (rotate (xyz 0 0 0))
    )
  )

  (module Capacitor_SMD:C_0805_2012Metric (layer B.Cu) (tedit 5B36C52B) (tstamp 5C0EDD0A)
    (at 124.46 71.12 180)
    (descr "Capacitor SMD 0805 (2012 Metric), square (rectangular) end terminal, IPC_7351 nominal, (Body size source: https://docs.google.com/spreadsheets/d/1BsfQQcO9C6DZCsRaXUlFlo91Tg2WpOkGARC1WS5S8t0/edit?usp=sharing), generated with kicad-footprint-generator")
    (tags capacitor)
    (path /5BEE3994)
    (attr smd)
    (fp_text reference C14 (at 0 -1.905 180) (layer B.SilkS)
      (effects (font (size 1 1) (thickness 0.15)) (justify mirror))
    )
    (fp_text value C (at 0 -1.65 180) (layer B.Fab)
      (effects (font (size 1 1) (thickness 0.15)) (justify mirror))
    )
    (fp_text user %R (at 4.424999 -4.464999 180) (layer B.Fab)
      (effects (font (size 0.5 0.5) (thickness 0.08)) (justify mirror))
    )
    (fp_line (start 1.68 -0.95) (end -1.68 -0.95) (layer B.CrtYd) (width 0.05))
    (fp_line (start 1.68 0.95) (end 1.68 -0.95) (layer B.CrtYd) (width 0.05))
    (fp_line (start -1.68 0.95) (end 1.68 0.95) (layer B.CrtYd) (width 0.05))
    (fp_line (start -1.68 -0.95) (end -1.68 0.95) (layer B.CrtYd) (width 0.05))
    (fp_line (start -0.258578 -0.71) (end 0.258578 -0.71) (layer B.SilkS) (width 0.12))
    (fp_line (start -0.258578 0.71) (end 0.258578 0.71) (layer B.SilkS) (width 0.12))
    (fp_line (start 1 -0.6) (end -1 -0.6) (layer B.Fab) (width 0.1))
    (fp_line (start 1 0.6) (end 1 -0.6) (layer B.Fab) (width 0.1))
    (fp_line (start -1 0.6) (end 1 0.6) (layer B.Fab) (width 0.1))
    (fp_line (start -1 -0.6) (end -1 0.6) (layer B.Fab) (width 0.1))
    (pad 2 smd roundrect (at 0.9375 0 180) (size 0.975 1.4) (layers B.Cu B.Paste B.Mask) (roundrect_rratio 0.25)
      (net 2 GND))
    (pad 1 smd roundrect (at -0.9375 0 180) (size 0.975 1.4) (layers B.Cu B.Paste B.Mask) (roundrect_rratio 0.25)
      (net 1 VDD))
    (model ${KISYS3DMOD}/Capacitor_SMD.3dshapes/C_0805_2012Metric.wrl
      (at (xyz 0 0 0))
      (scale (xyz 1 1 1))
      (rotate (xyz 0 0 0))
    )
  )

  (module Capacitor_SMD:C_0805_2012Metric (layer B.Cu) (tedit 5B36C52B) (tstamp 5C0EDD3A)
    (at 139.7 30.48)
    (descr "Capacitor SMD 0805 (2012 Metric), square (rectangular) end terminal, IPC_7351 nominal, (Body size source: https://docs.google.com/spreadsheets/d/1BsfQQcO9C6DZCsRaXUlFlo91Tg2WpOkGARC1WS5S8t0/edit?usp=sharing), generated with kicad-footprint-generator")
    (tags capacitor)
    (path /5BEE1797)
    (attr smd)
    (fp_text reference C13 (at 0 -1.905) (layer B.SilkS)
      (effects (font (size 1 1) (thickness 0.15)) (justify mirror))
    )
    (fp_text value C (at 0 -1.65) (layer B.Fab)
      (effects (font (size 1 1) (thickness 0.15)) (justify mirror))
    )
    (fp_line (start -1 -0.6) (end -1 0.6) (layer B.Fab) (width 0.1))
    (fp_line (start -1 0.6) (end 1 0.6) (layer B.Fab) (width 0.1))
    (fp_line (start 1 0.6) (end 1 -0.6) (layer B.Fab) (width 0.1))
    (fp_line (start 1 -0.6) (end -1 -0.6) (layer B.Fab) (width 0.1))
    (fp_line (start -0.258578 0.71) (end 0.258578 0.71) (layer B.SilkS) (width 0.12))
    (fp_line (start -0.258578 -0.71) (end 0.258578 -0.71) (layer B.SilkS) (width 0.12))
    (fp_line (start -1.68 -0.95) (end -1.68 0.95) (layer B.CrtYd) (width 0.05))
    (fp_line (start -1.68 0.95) (end 1.68 0.95) (layer B.CrtYd) (width 0.05))
