DBRep_DrawableShape

CASCADE Topology V1, (c) Matra-Datavision
Locations 1
1
              1               0               0             200 
              0               1               0               0 
              0               0               1               0 
Curve2ds 180
1 6.2831853071795862 -0.28284271247461845 -1 0 
1 0 0 1 0 
1 0 0 1 0 
1 0 0 1 0 
1 0 0 1 0 
1 0 0 1 0 
1 0 0 1 0 
1 0 0 1 0 
1 0 0 1 0 
1 0 0 1 0 
1 0 0 1 0 
1 0 0 1 0 
1 0 0 1 0 
1 0 0 1 0 
1 0 0 1 0 
1 0 0 1 0 
1 0 0 1 0 
1 0 0 1 0 
1 0 0 1 0 
1 0 0 1 0 
1 0 0 1 0 
1 0 0 1 0 
1 0 0 1 0 
1 0 0 1 0 
1 0 0 1 0 
1 0 0 1 0 
1 0 0 1 0 
1 0 0 1 0 
1 0 0 1 0 
1 0 0 1 0 
1 0 0 1 0 
1 0 0 1 0 
1 0 0 1 0 
1 0 0 1 0 
1 0 0 1 0 
1 0 0 1 0 
1 0 0 1 0 
1 0 0 1 0 
1 0 0 1 0 
1 0 0 1 0 
1 0 0 1 0 
7 0 0  1 2 2  -4.1389000000000002e-13 0  -4.1389000000000002e-13 -0.28284271247449222 
 0 2 0.28284271247499998 2
7 0 0  1 2 2  6.2831853071795862 0  6.2831853071795862 -0.28284271247449222 
 0 2 0.28284271247499998 2
1 0 0.5 1 0 
1 6.2831853071795862 0 -1 0 
1 0 7.5999999999999996 1 0 
7 0 0  1 2 2  0.089582189729289996 0  0.089582189729289996 7.5999999999999996 
 0 2 7.5999999999999996 2
7 0 0  1 2 2  1.6155874216599999 0  1.6155874216599999 7.5999999999999996 
 0 2 7.5999999999999996 2
7 0 0  1 2 2  0.22457707563000001 0  0.22457707563000001 7.5999999999999996 
 0 2 7.5999999999999996 2
7 0 0  1 2 2  4.6675978855200002 0  4.6675978855200002 7.5999999999999996 
 0 2 7.5999999999999996 2
1 0 7.5999999999999996 1 0 
7 0 0  1 2 2  1.6155874216599999 0  1.6155874216599999 7.5999999999999996 
 0 2 7.5999999999999996 2
7 0 0  1 2 2  0.40374145508800002 0  0.40374145508800002 7.5999999999999996 
 0 2 7.5999999999999996 2
1 0 7.5999999999999996 1 0 
7 0 0  1 2 2  0.53873634098900003 0  0.53873634098900003 7.5999999999999996 
 0 2 7.5999999999999996 2
7 0 0  1 2 2  4.6675978855200002 0  4.6675978855200002 7.5999999999999996 
 0 2 7.5999999999999996 2
1 0 7.5999999999999996 1 0 
7 0 0  1 2 2  1.6155874216599999 0  1.6155874216599999 7.5999999999999996 
 0 2 7.5999999999999996 2
7 0 0  1 2 2  0.71790072044700004 0  0.71790072044700004 7.5999999999999996 
 0 2 7.5999999999999996 2
1 0 7.5999999999999996 1 0 
7 0 0  1 2 2  0.85289560634799999 0  0.85289560634799999 7.5999999999999996 
 0 2 7.5999999999999996 2
7 0 0  1 2 2  4.6675978855200002 0  4.6675978855200002 7.5999999999999996 
 0 2 7.5999999999999996 2
1 0 7.5999999999999996 1 0 
7 0 0  1 2 2  1.6155874216599999 0  1.6155874216599999 7.5999999999999996 
 0 2 7.5999999999999996 2
7 0 0  1 2 2  1.032059985806 0  1.032059985806 7.5999999999999996 
 0 2 7.5999999999999996 2
1 0 7.5999999999999996 1 0 
7 0 0  1 2 2  1.167054871707 0  1.167054871707 7.5999999999999996 
 0 2 7.5999999999999996 2
7 0 0  1 2 2  4.6675978855200002 0  4.6675978855200002 7.5999999999999996 
 0 2 7.5999999999999996 2
1 0 7.5999999999999996 1 0 
7 0 0  1 2 2  1.6155874216599999 0  1.6155874216599999 7.5999999999999996 
 0 2 7.5999999999999996 2
7 0 0  1 2 2  1.346219251165 0  1.346219251165 7.5999999999999996 
 0 2 7.5999999999999996 2
1 0 7.5999999999999996 1 0 
7 0 0  1 2 2  1.4812141370659999 0  1.4812141370659999 7.5999999999999996 
 0 2 7.5999999999999996 2
7 0 0  1 2 2  4.6675978855200002 0  4.6675978855200002 7.5999999999999996 
 0 2 7.5999999999999996 2
1 0 7.5999999999999996 1 0 
7 0 0  1 2 2  1.6155874216599999 0  1.6155874216599999 7.5999999999999996 
 0 2 7.5999999999999996 2
7 0 0  1 2 2  1.6603785165239999 0  1.6603785165239999 7.5999999999999996 
 0 2 7.5999999999999996 2
1 0 7.5999999999999996 1 0 
7 0 0  1 2 2  1.7953734024250001 0  1.7953734024250001 7.5999999999999996 
 0 2 7.5999999999999996 2
7 0 0  1 2 2  4.6675978855200002 0  4.6675978855200002 7.5999999999999996 
 0 2 7.5999999999999996 2
1 0 7.5999999999999996 1 0 
7 0 0  1 2 2  1.6155874216599999 0  1.6155874216599999 7.5999999999999996 
 0 2 7.5999999999999996 2
7 0 0  1 2 2  1.9745377818830001 0  1.9745377818830001 7.5999999999999996 
 0 2 7.5999999999999996 2
1 0 7.5999999999999996 1 0 
7 0 0  1 2 2  2.1095326677839998 0  2.1095326677839998 7.5999999999999996 
 0 2 7.5999999999999996 2
7 0 0  1 2 2  4.6675978855200002 0  4.6675978855200002 7.5999999999999996 
 0 2 7.5999999999999996 2
1 0 7.5999999999999996 1 0 
7 0 0  1 2 2  1.6155874216599999 0  1.6155874216599999 7.5999999999999996 
 0 2 7.5999999999999996 2
7 0 0  1 2 2  2.2886970472420001 0  2.2886970472420001 7.5999999999999996 
 0 2 7.5999999999999996 2
1 0 7.5999999999999996 1 0 
7 0 0  1 2 2  2.423691933143 0  2.423691933143 7.5999999999999996 
 0 2 7.5999999999999996 2
7 0 0  1 2 2  4.6675978855200002 0  4.6675978855200002 7.5999999999999996 
 0 2 7.5999999999999996 2
1 0 7.5999999999999996 1 0 
7 0 0  1 2 2  1.6155874216599999 0  1.6155874216599999 7.5999999999999996 
 0 2 7.5999999999999996 2
7 0 0  1 2 2  2.6028563126009998 0  2.6028563126009998 7.5999999999999996 
 0 2 7.5999999999999996 2
1 0 7.5999999999999996 1 0 
7 0 0  1 2 2  2.7378511985020002 0  2.7378511985020002 7.5999999999999996 
 0 2 7.5999999999999996 2
7 0 0  1 2 2  4.6675978855200002 0  4.6675978855200002 7.5999999999999996 
 0 2 7.5999999999999996 2
1 0 7.5999999999999996 1 0 
7 0 0  1 2 2  1.6155874216599999 0  1.6155874216599999 7.5999999999999996 
 0 2 7.5999999999999996 2
7 0 0  1 2 2  2.91701557796 0  2.91701557796 7.5999999999999996 
 0 2 7.5999999999999996 2
1 0 7.5999999999999996 1 0 
7 0 0  1 2 2  3.0520104638599999 0  3.0520104638599999 7.5999999999999996 
 0 2 7.5999999999999996 2
7 0 0  1 2 2  4.6675978855200002 0  4.6675978855200002 7.5999999999999996 
 0 2 7.5999999999999996 2
1 0 7.5999999999999996 1 0 
7 0 0  1 2 2  1.6155874216599999 0  1.6155874216599999 7.5999999999999996 
 0 2 7.5999999999999996 2
7 0 0  1 2 2  3.2311748433190002 0  3.2311748433190002 7.5999999999999996 
 0 2 7.5999999999999996 2
7 0 0  1 2 2  3.366169729219 0  3.366169729219 7.5999999999999996 
 0 2 7.5999999999999996 2
7 0 0  1 2 2  4.6675978855200002 0  4.6675978855200002 7.5999999999999996 
 0 2 7.5999999999999996 2
1 0 7.5999999999999996 1 0 
1 0 7.5999999999999996 1 0 
7 0 0  1 2 2  1.6155874216599999 0  1.6155874216599999 7.5999999999999996 
 0 2 7.5999999999999996 2
7 0 0  1 2 2  3.5453341086779999 0  3.5453341086779999 7.5999999999999996 
 0 2 7.5999999999999996 2
7 0 0  1 2 2  3.6803289945779998 0  3.6803289945779998 7.5999999999999996 
 0 2 7.5999999999999996 2
7 0 0  1 2 2  4.6675978855200002 0  4.6675978855200002 7.5999999999999996 
 0 2 7.5999999999999996 2
1 0 7.5999999999999996 1 0 
1 0 7.5999999999999996 1 0 
7 0 0  1 2 2  1.6155874216599999 0  1.6155874216599999 7.5999999999999996 
 0 2 7.5999999999999996 2
7 0 0  1 2 2  3.8594933740370001 0  3.8594933740370001 7.5999999999999996 
 0 2 7.5999999999999996 2
7 0 0  1 2 2  3.994488259937 0  3.994488259937 7.5999999999999996 
 0 2 7.5999999999999996 2
7 0 0  1 2 2  4.6675978855200002 0  4.6675978855200002 7.5999999999999996 
 0 2 7.5999999999999996 2
1 0 7.5999999999999996 1 0 
1 0 7.5999999999999996 1 0 
7 0 0  1 2 2  1.6155874216599999 0  1.6155874216599999 7.5999999999999996 
 0 2 7.5999999999999996 2
7 0 0  1 2 2  4.1736526393959998 0  4.1736526393959998 7.5999999999999996 
 0 2 7.5999999999999996 2
7 0 0  1 2 2  4.3086475252960001 0  4.3086475252960001 7.5999999999999996 
 0 2 7.5999999999999996 2
7 0 0  1 2 2  4.6675978855200002 0  4.6675978855200002 7.5999999999999996 
 0 2 7.5999999999999996 2
1 0 7.5999999999999996 1 0 
1 0 7.5999999999999996 1 0 
7 0 0  1 2 2  1.6155874216599999 0  1.6155874216599999 7.5999999999999996 
 0 2 7.5999999999999996 2
7 0 0  1 2 2  4.4878119047549996 0  4.4878119047549996 7.5999999999999996 
 0 2 7.5999999999999996 2
7 0 0  1 2 2  4.6228067906549999 0  4.6228067906549999 7.5999999999999996 
 0 2 7.5999999999999996 2
7 0 0  1 2 2  4.6675978855200002 0  4.6675978855200002 7.5999999999999996 
 0 2 7.5999999999999996 2
1 0 7.5999999999999996 1 0 
1 0 7.5999999999999996 1 0 
7 0 0  1 2 2  1.6155874216599999 0  1.6155874216599999 7.5999999999999996 
 0 2 7.5999999999999996 2
7 0 0  1 2 2  4.8019711701140002 0  4.8019711701140002 7.5999999999999996 
 0 2 7.5999999999999996 2
7 0 0  1 2 2  4.9369660560139996 0  4.9369660560139996 7.5999999999999996 
 0 2 7.5999999999999996 2
7 0 0  1 2 2  4.6675978855200002 0  4.6675978855200002 7.5999999999999996 
 0 2 7.5999999999999996 2
1 0 7.5999999999999996 1 0 
1 0 7.5999999999999996 1 0 
7 0 0  1 2 2  1.6155874216599999 0  1.6155874216599999 7.5999999999999996 
 0 2 7.5999999999999996 2
7 0 0  1 2 2  5.1161304354729999 0  5.1161304354729999 7.5999999999999996 
 0 2 7.5999999999999996 2
7 0 0  1 2 2  5.2511253213730003 0  5.2511253213730003 7.5999999999999996 
 0 2 7.5999999999999996 2
7 0 0  1 2 2  4.6675978855200002 0  4.6675978855200002 7.5999999999999996 
 0 2 7.5999999999999996 2
1 0 7.5999999999999996 1 0 
1 0 7.5999999999999996 1 0 
7 0 0  1 2 2  1.6155874216599999 0  1.6155874216599999 7.5999999999999996 
 0 2 7.5999999999999996 2
7 0 0  1 2 2  5.4302897008319997 0  5.4302897008319997 7.5999999999999996 
 0 2 7.5999999999999996 2
7 0 0  1 2 2  5.565284586732 0  5.565284586732 7.5999999999999996 
 0 2 7.5999999999999996 2
7 0 0  1 2 2  4.6675978855200002 0  4.6675978855200002 7.5999999999999996 
 0 2 7.5999999999999996 2
1 0 7.5999999999999996 1 0 
1 0 7.5999999999999996 1 0 
7 0 0  1 2 2  1.6155874216599999 0  1.6155874216599999 7.5999999999999996 
 0 2 7.5999999999999996 2
7 0 0  1 2 2  5.7444489661910003 0  5.7444489661910003 7.5999999999999996 
 0 2 7.5999999999999996 2
7 0 0  1 2 2  5.8794438520909997 0  5.8794438520909997 7.5999999999999996 
 0 2 7.5999999999999996 2
7 0 0  1 2 2  4.6675978855200002 0  4.6675978855200002 7.5999999999999996 
 0 2 7.5999999999999996 2
1 0 7.5999999999999996 1 0 
1 0 7.5999999999999996 1 0 
7 0 0  1 2 2  1.6155874216599999 0  1.6155874216599999 7.5999999999999996 
 0 2 7.5999999999999996 2
7 0 0  1 2 2  6.0586082315500001 0  6.0586082315500001 7.5999999999999996 
 0 2 7.5999999999999996 2
7 0 0  1 2 2  6.1936031174500004 0  6.1936031174500004 7.5999999999999996 
 0 2 7.5999999999999996 2
7 0 0  1 2 2  4.6675978855200002 0  4.6675978855200002 7.5999999999999996 
 0 2 7.5999999999999996 2
1 0 7.5999999999999996 1 0 
1 0 7.5999999999999996 1 0 
1 6.2831853071795862 0 0 1 
1 4.1389000000000002e-13 0 0 1 
1 0 0 1 0 
1 0 -0.28284271247449222 1 -0 
1 0 6 1 0 
7 0 0  1 2 2  4.1389000000000002e-13 0  4.1389000000000002e-13 -0.28284271247449222 
 0 2 0.28284271247499998 2
7 0 0  1 2 2  6.2831853071795862 0  6.2831853071795862 -0.28284271247449222 
 0 2 0.28284271247499998 2
1 0 0.20000000000000001 1 0 
1 0 0 1 -0 
1 0 15 1 0 
1 6.2831853071800001 -0 0 1 
1 0 -0 0 1 
1 6.2831853071795862 0 0 1 
1 4.1389000000000002e-13 0 0 1 
1 0 0.69999999999999996 1 0 
Curves 133
2 0 0 0.69999999999999996 0 0 1 1 0 -0 -0 1 0 8.8000000000000007
2 0 0 0.69999999999999996 0 0 1 1 0 -0 -0 1 0 6.7000000000000002
2 6.7000000000000002 0 0.69999999999999996 0 0 1 1 0 -0 -0 1 0 0.59999999999999998
2 0 0 0.69999999999999996 0 0 1 1 0 -0 -0 1 0 6.7000000000000002
2 6.3720786591780003 -2.0704138623119999 0.69999999999999996 -0 0 1 0.95105651629512344 -0.3090169943750401 0 0.3090169943750401 0.95105651629512344 0 0.59999999999999998
2 0 0 0.69999999999999996 0 0 1 1 0 -0 -0 1 0 6.7000000000000002
2 5.4204138623120004 -3.9381611903599998 0.69999999999999996 -0 0 1 0.80901699437519059 -0.5877852522921384 0 0.5877852522921384 0.80901699437519059 0 0.59999999999999998
2 0 0 0.69999999999999996 0 0 1 1 0 -0 -0 1 0 6.7000000000000002
2 3.9381611903599998 -5.4204138623120004 0.69999999999999996 -0 0 1 0.5877852522921384 -0.80901699437519059 0 0.80901699437519059 0.5877852522921384 0 0.59999999999999998
2 0 0 0.69999999999999996 0 0 1 1 0 -0 -0 1 0 6.7000000000000002
2 2.0704138623119999 -6.3720786591780003 0.69999999999999996 -0 0 1 0.3090169943750401 -0.95105651629512344 0 0.95105651629512344 0.3090169943750401 0 0.59999999999999998
2 0 0 0.69999999999999996 0 0 1 1 0 -0 -0 1 0 6.7000000000000002
2 -1.49e-15 -6.7000000000000002 0.69999999999999996 0 0 1 -2.2e-16 -1 0 1 -2.2e-16 0 0.59999999999999998
2 0 0 0.69999999999999996 0 0 1 1 0 -0 -0 1 0 6.7000000000000002
2 -2.0704138623119999 -6.3720786591780003 0.69999999999999996 0 0 1 -0.3090169943750401 -0.95105651629512344 0 0.95105651629512344 -0.3090169943750401 0 0.59999999999999998
2 0 0 0.69999999999999996 0 0 1 1 0 -0 -0 1 0 6.7000000000000002
2 -3.9381611903599998 -5.4204138623120004 0.69999999999999996 0 0 1 -0.5877852522921384 -0.80901699437519059 0 0.80901699437519059 -0.5877852522921384 0 0.59999999999999998
2 0 0 0.69999999999999996 0 0 1 1 0 -0 -0 1 0 6.7000000000000002
2 -5.4204138623120004 -3.9381611903599998 0.69999999999999996 0 0 1 -0.80901699437519059 -0.5877852522921384 0 0.5877852522921384 -0.80901699437519059 0 0.59999999999999998
2 0 0 0.69999999999999996 0 0 1 1 0 -0 -0 1 0 6.7000000000000002
2 -6.3720786591780003 -2.0704138623119999 0.69999999999999996 0 0 1 -0.95105651629512344 -0.3090169943750401 0 0.3090169943750401 -0.95105651629512344 0 0.59999999999999998
2 0 0 0.69999999999999996 0 0 1 1 0 -0 -0 1 0 6.7000000000000002
2 -6.7000000000000002 8.2000000000000001e-16 0.69999999999999996 0 0 1 -1 1.2e-16 0 -1.2e-16 -1 0 0.59999999999999998
2 0 0 0.69999999999999996 0 0 1 1 0 -0 -0 1 0 6.7000000000000002
2 -6.3720786591780003 2.0704138623119999 0.69999999999999996 0 0 1 -0.95105651629512344 0.3090169943750401 0 -0.3090169943750401 -0.95105651629512344 0 0.59999999999999998
2 0 0 0.69999999999999996 0 0 1 1 0 -0 -0 1 0 6.7000000000000002
2 -5.4204138623120004 3.9381611903599998 0.69999999999999996 0 0 1 -0.80901699437519059 0.5877852522921384 0 -0.5877852522921384 -0.80901699437519059 0 0.59999999999999998
2 0 0 0.69999999999999996 0 0 1 1 0 -0 -0 1 0 6.7000000000000002
2 -3.9381611903599998 5.4204138623120004 0.69999999999999996 0 0 1 -0.5877852522921384 0.80901699437519059 0 -0.80901699437519059 -0.5877852522921384 0 0.59999999999999998
2 0 0 0.69999999999999996 0 0 1 1 0 -0 -0 1 0 6.7000000000000002
2 -2.0704138623119999 6.3720786591780003 0.69999999999999996 0 0 1 -0.3090169943750401 0.95105651629512344 0 -0.95105651629512344 -0.3090169943750401 0 0.59999999999999998
2 0 0 0.69999999999999996 0 0 1 1 0 -0 -0 1 0 6.7000000000000002
2 7.3999999999999999e-16 6.7000000000000002 0.69999999999999996 0 -0 1 1.1e-16 1 0 -1 1.1e-16 0 0.59999999999999998
2 0 0 0.69999999999999996 0 0 1 1 0 -0 -0 1 0 6.7000000000000002
2 2.0704138623119999 6.3720786591780003 0.69999999999999996 0 -0 1 0.3090169943750401 0.95105651629512344 0 -0.95105651629512344 0.3090169943750401 0 0.59999999999999998
2 0 0 0.69999999999999996 0 0 1 1 0 -0 -0 1 0 6.7000000000000002
2 3.9381611903599998 5.4204138623120004 0.69999999999999996 0 -0 1 0.5877852522921384 0.80901699437519059 0 -0.80901699437519059 0.5877852522921384 0 0.59999999999999998
2 0 0 0.69999999999999996 0 0 1 1 0 -0 -0 1 0 6.7000000000000002
2 5.4204138623120004 3.9381611903599998 0.69999999999999996 0 -0 1 0.80901699437519059 0.5877852522921384 0 -0.5877852522921384 0.80901699437519059 0 0.59999999999999998
2 0 0 0.69999999999999996 0 0 1 1 0 -0 -0 1 0 6.7000000000000002
2 6.3720786591780003 2.0704138623119999 0.69999999999999996 0 -0 1 0.95105651629512344 0.3090169943750401 0 -0.3090169943750401 0.95105651629512344 0 0.59999999999999998
1 9 0 0.5 -0.70710678118654757 0 0.70710678118654757 
2 0 0 0.5 0 0 1 1 0 -0 -0 1 0 9
2 0 0 8.3000000000000007 0 0 1 1 0 -0 -0 1 0 6.7000000000000002
1 6.6731343283579996 0.59939822796499997 0.69999999999999996 0 0 1 
1 6.5317521259370004 1.492050322648 0.69999999999999996 0 0 1 
2 6.3720786591780003 2.0704138623119999 8.3000000000000007 0 -0 1 0.95105651629512344 0.3090169943750401 0 -0.3090169943750401 0.95105651629512344 0 0.59999999999999998
1 6.1613036482589996 2.6321735037709999 0.69999999999999996 0 0 1 
2 0 0 8.3000000000000007 0 0 1 1 0 -0 -0 1 0 6.7000000000000002
1 5.7509965160369996 3.437446591954 0.69999999999999996 0 0 1 
2 5.4204138623120004 3.9381611903599998 8.3000000000000007 0 -0 1 0.80901699437519059 0.5877852522921384 0 -0.5877852522921384 0.80901699437519059 0 0.59999999999999998
1 5.0463616387409997 4.4072932975969996 0.69999999999999996 0 0 1 
2 0 0 8.3000000000000007 0 0 1 1 0 -0 -0 1 0 6.7000000000000002
1 4.4072932975969996 5.0463616387409997 0.69999999999999996 0 0 1 
2 3.9381611903599998 5.4204138623120004 8.3000000000000007 0 -0 1 0.5877852522921384 0.80901699437519059 0 -0.80901699437519059 0.5877852522921384 0 0.59999999999999998
1 3.437446591954 5.7509965160369996 0.69999999999999996 0 0 1 
2 0 0 8.3000000000000007 0 0 1 1 0 -0 -0 1 0 6.7000000000000002
1 2.6321735037709999 6.1613036482589996 0.69999999999999996 0 0 1 
2 2.0704138623119999 6.3720786591780003 8.3000000000000007 0 -0 1 0.3090169943750401 0.95105651629512344 0 -0.95105651629512344 0.3090169943750401 0 0.59999999999999998
1 1.492050322648 6.5317521259370004 0.69999999999999996 0 0 1 
2 0 0 8.3000000000000007 0 0 1 1 0 -0 -0 1 0 6.7000000000000002
1 0.59939822796499997 6.6731343283579996 0.69999999999999996 0 0 1 
2 7.3999999999999999e-16 6.7000000000000002 8.3000000000000007 0 -0 1 1.1e-16 1 0 -1 1.1e-16 0 0.59999999999999998
1 -0.59939822796499997 6.6731343283579996 0.69999999999999996 0 0 1 
2 0 0 8.3000000000000007 0 0 1 1 0 -0 -0 1 0 6.7000000000000002
1 -1.492050322648 6.5317521259370004 0.69999999999999996 0 0 1 
2 -2.0704138623119999 6.3720786591780003 8.3000000000000007 0 0 1 -0.3090169943750401 0.95105651629512344 0 -0.95105651629512344 -0.3090169943750401 0 0.59999999999999998
1 -2.6321735037709999 6.1613036482589996 0.69999999999999996 0 0 1 
2 0 0 8.3000000000000007 0 0 1 1 0 -0 -0 1 0 6.7000000000000002
1 -3.437446591954 5.7509965160369996 0.69999999999999996 0 0 1 
2 -3.9381611903599998 5.4204138623120004 8.3000000000000007 0 0 1 -0.5877852522921384 0.80901699437519059 0 -0.80901699437519059 -0.5877852522921384 0 0.59999999999999998
1 -4.4072932975969996 5.0463616387409997 0.69999999999999996 0 0 1 
2 0 0 8.3000000000000007 0 0 1 1 0 -0 -0 1 0 6.7000000000000002
1 -5.0463616387409997 4.4072932975969996 0.69999999999999996 0 0 1 
2 -5.4204138623120004 3.9381611903599998 8.3000000000000007 0 0 1 -0.80901699437519059 0.5877852522921384 0 -0.5877852522921384 -0.80901699437519059 0 0.59999999999999998
1 -5.7509965160369996 3.437446591954 0.69999999999999996 0 0 1 
2 0 0 8.3000000000000007 0 0 1 1 0 -0 -0 1 0 6.7000000000000002
1 -6.1613036482589996 2.6321735037709999 0.69999999999999996 0 0 1 
2 -6.3720786591780003 2.0704138623119999 8.3000000000000007 0 0 1 -0.95105651629512344 0.3090169943750401 0 -0.3090169943750401 -0.95105651629512344 0 0.59999999999999998
1 -6.5317521259370004 1.492050322648 0.69999999999999996 0 0 1 
2 0 0 8.3000000000000007 0 0 1 1 0 -0 -0 1 0 6.7000000000000002
1 -6.6731343283579996 0.59939822796499997 0.69999999999999996 0 0 1 
2 -6.7000000000000002 8.2000000000000001e-16 8.3000000000000007 0 0 1 -1 1.2e-16 0 -1.2e-16 -1 0 0.59999999999999998
1 -6.6731343283579996 -0.59939822796499997 0.69999999999999996 0 0 1 
1 -6.5317521259370004 -1.492050322648 0.69999999999999996 0 0 1 
2 0 0 8.3000000000000007 0 0 1 1 0 -0 -0 1 0 6.7000000000000002
2 -6.3720786591780003 -2.0704138623119999 8.3000000000000007 0 0 1 -0.95105651629512344 -0.3090169943750401 0 0.3090169943750401 -0.95105651629512344 0 0.59999999999999998
1 -6.1613036482589996 -2.6321735037709999 0.69999999999999996 0 0 1 
1 -5.7509965160369996 -3.437446591954 0.69999999999999996 0 0 1 
2 0 0 8.3000000000000007 0 0 1 1 0 -0 -0 1 0 6.7000000000000002
2 -5.4204138623120004 -3.9381611903599998 8.3000000000000007 0 0 1 -0.80901699437519059 -0.5877852522921384 0 0.5877852522921384 -0.80901699437519059 0 0.59999999999999998
1 -5.0463616387409997 -4.4072932975969996 0.69999999999999996 0 0 1 
1 -4.4072932975969996 -5.0463616387409997 0.69999999999999996 0 0 1 
2 0 0 8.3000000000000007 0 0 1 1 0 -0 -0 1 0 6.7000000000000002
2 -3.9381611903599998 -5.4204138623120004 8.3000000000000007 0 0 1 -0.5877852522921384 -0.80901699437519059 0 0.80901699437519059 -0.5877852522921384 0 0.59999999999999998
1 -3.437446591954 -5.7509965160369996 0.69999999999999996 0 0 1 
1 -2.6321735037709999 -6.1613036482589996 0.69999999999999996 0 0 1 
2 0 0 8.3000000000000007 0 0 1 1 0 -0 -0 1 0 6.7000000000000002
2 -2.0704138623119999 -6.3720786591780003 8.3000000000000007 0 0 1 -0.3090169943750401 -0.95105651629512344 0 0.95105651629512344 -0.3090169943750401 0 0.59999999999999998
1 -1.492050322648 -6.5317521259370004 0.69999999999999996 0 0 1 
1 -0.59939822796499997 -6.6731343283579996 0.69999999999999996 0 0 1 
2 0 0 8.3000000000000007 0 0 1 1 0 -0 -0 1 0 6.7000000000000002
2 -1.49e-15 -6.7000000000000002 8.3000000000000007 0 0 1 -2.2e-16 -1 0 1 -2.2e-16 0 0.59999999999999998
1 0.59939822796499997 -6.6731343283579996 0.69999999999999996 0 0 1 
1 1.492050322648 -6.5317521259370004 0.69999999999999996 0 0 1 
2 0 0 8.3000000000000007 0 0 1 1 0 -0 -0 1 0 6.7000000000000002
2 2.0704138623119999 -6.3720786591780003 8.3000000000000007 -0 0 1 0.3090169943750401 -0.95105651629512344 0 0.95105651629512344 0.3090169943750401 0 0.59999999999999998
1 2.6321735037709999 -6.1613036482589996 0.69999999999999996 0 0 1 
1 3.437446591954 -5.7509965160369996 0.69999999999999996 0 0 1 
2 0 0 8.3000000000000007 0 0 1 1 0 -0 -0 1 0 6.7000000000000002
2 3.9381611903599998 -5.4204138623120004 8.3000000000000007 -0 0 1 0.5877852522921384 -0.80901699437519059 0 0.80901699437519059 0.5877852522921384 0 0.59999999999999998
1 4.4072932975969996 -5.0463616387409997 0.69999999999999996 0 0 1 
1 5.0463616387409997 -4.4072932975969996 0.69999999999999996 0 0 1 
2 0 0 8.3000000000000007 0 0 1 1 0 -0 -0 1 0 6.7000000000000002
2 5.4204138623120004 -3.9381611903599998 8.3000000000000007 -0 0 1 0.80901699437519059 -0.5877852522921384 0 0.5877852522921384 0.80901699437519059 0 0.59999999999999998
1 5.7509965160369996 -3.437446591954 0.69999999999999996 0 0 1 
1 6.1613036482589996 -2.6321735037709999 0.69999999999999996 0 0 1 
2 0 0 8.3000000000000007 0 0 1 1 0 -0 -0 1 0 6.7000000000000002
2 6.3720786591780003 -2.0704138623119999 8.3000000000000007 -0 0 1 0.95105651629512344 -0.3090169943750401 0 0.3090169943750401 0.95105651629512344 0 0.59999999999999998
1 6.5317521259370004 -1.492050322648 0.69999999999999996 0 0 1 
1 6.6731343283579996 -0.59939822796499997 0.69999999999999996 0 0 1 
2 0 0 8.3000000000000007 0 0 1 1 0 -0 -0 1 0 6.7000000000000002
2 6.7000000000000002 0 8.3000000000000007 0 0 1 1 0 -0 -0 1 0 0.59999999999999998
1 9 -2.1999999999999999e-15 0 0 0 1 
2 0 0 0 0 0 1 1 0 -0 -0 1 0 9
2 0 0 8.3000000000000007 0 0 1 1 0 -0 -0 1 0 8.8000000000000007
2 0 0 0 0 0 1 1 0 -0 -0 1 0 2.5
1 9 0 8.5 -0.70710678118654757 -0 -0.70710678118654757 
2 0 0 8.5 0 0 1 1 0 -0 -0 1 0 9
2 0 0 9 0 0 1 1 0 -0 -0 1 0 2.5
1 2.5 -6.0999999999999995e-16 -6 0 0 1 
1 9 -2.1999999999999999e-15 8.3000000000000007 0 0 1 
2 0 0 9 0 0 1 1 0 -0 -0 1 0 9
Polygon3D 0
PolygonOnTriangulations 0
Surfaces 49
1 0 0 0.69999999999999996 0 0 1 1 0 -0 -0 1 0 
3 0 0 0.5 -0 -0 -1 1 0 0 0 -1 0 9
0.78539816339699997
2 0 0 0.69999999999999996 0 0 1 1 0 -0 -0 1 0 6.7000000000000002
2 6.7000000000000002 0 0.69999999999999996 0 0 1 1 0 -0 -0 1 0 0.59999999999999998
2 0 0 0.69999999999999996 0 0 1 1 0 -0 -0 1 0 6.7000000000000002
2 6.3720786591780003 -2.0704138623119999 0.69999999999999996 0 0 1 0.95105651629512344 -0.3090169943750401 0 0.3090169943750401 0.95105651629512344 -0 0.59999999999999998
2 0 0 0.69999999999999996 0 0 1 1 0 -0 -0 1 0 6.7000000000000002
2 5.4204138623120004 -3.9381611903599998 0.69999999999999996 0 0 1 0.80901699437519059 -0.5877852522921384 0 0.5877852522921384 0.80901699437519059 -0 0.59999999999999998
2 0 0 0.69999999999999996 0 0 1 1 0 -0 -0 1 0 6.7000000000000002
2 3.9381611903599998 -5.4204138623120004 0.69999999999999996 0 0 1 0.5877852522921384 -0.80901699437519059 0 0.80901699437519059 0.5877852522921384 -0 0.59999999999999998
2 0 0 0.69999999999999996 0 0 1 1 0 -0 -0 1 0 6.7000000000000002
2 2.0704138623119999 -6.3720786591780003 0.69999999999999996 0 0 1 0.3090169943750401 -0.95105651629512344 0 0.95105651629512344 0.3090169943750401 -0 0.59999999999999998
2 0 0 0.69999999999999996 0 0 1 1 0 -0 -0 1 0 6.7000000000000002
2 -1.49e-15 -6.7000000000000002 0.69999999999999996 0 0 1 -2.2e-16 -1 0 1 -2.2e-16 0 0.59999999999999998
2 0 0 0.69999999999999996 0 0 1 1 0 -0 -0 1 0 6.7000000000000002
2 -2.0704138623119999 -6.3720786591780003 0.69999999999999996 0 0 1 -0.3090169943750401 -0.95105651629512344 0 0.95105651629512344 -0.3090169943750401 0 0.59999999999999998
2 0 0 0.69999999999999996 0 0 1 1 0 -0 -0 1 0 6.7000000000000002
2 -3.9381611903599998 -5.4204138623120004 0.69999999999999996 0 0 1 -0.5877852522921384 -0.80901699437519059 0 0.80901699437519059 -0.5877852522921384 0 0.59999999999999998
2 0 0 0.69999999999999996 0 0 1 1 0 -0 -0 1 0 6.7000000000000002
2 -5.4204138623120004 -3.9381611903599998 0.69999999999999996 0 0 1 -0.80901699437519059 -0.5877852522921384 0 0.5877852522921384 -0.80901699437519059 0 0.59999999999999998
2 0 0 0.69999999999999996 0 0 1 1 0 -0 -0 1 0 6.7000000000000002
2 -6.3720786591780003 -2.0704138623119999 0.69999999999999996 0 0 1 -0.95105651629512344 -0.3090169943750401 0 0.3090169943750401 -0.95105651629512344 0 0.59999999999999998
2 0 0 0.69999999999999996 0 0 1 1 0 -0 -0 1 0 6.7000000000000002
2 -6.7000000000000002 8.2000000000000001e-16 0.69999999999999996 0 0 1 -1 1.2e-16 0 -1.2e-16 -1 0 0.59999999999999998
2 0 0 0.69999999999999996 0 0 1 1 0 -0 -0 1 0 6.7000000000000002
2 -6.3720786591780003 2.0704138623119999 0.69999999999999996 0 0 1 -0.95105651629512344 0.3090169943750401 0 -0.3090169943750401 -0.95105651629512344 0 0.59999999999999998
2 0 0 0.69999999999999996 0 0 1 1 0 -0 -0 1 0 6.7000000000000002
2 -5.4204138623120004 3.9381611903599998 0.69999999999999996 0 0 1 -0.80901699437519059 0.5877852522921384 0 -0.5877852522921384 -0.80901699437519059 0 0.59999999999999998
2 0 0 0.69999999999999996 0 0 1 1 0 -0 -0 1 0 6.7000000000000002
2 -3.9381611903599998 5.4204138623120004 0.69999999999999996 0 0 1 -0.5877852522921384 0.80901699437519059 0 -0.80901699437519059 -0.5877852522921384 0 0.59999999999999998
2 0 0 0.69999999999999996 0 0 1 1 0 -0 -0 1 0 6.7000000000000002
2 -2.0704138623119999 6.3720786591780003 0.69999999999999996 0 0 1 -0.3090169943750401 0.95105651629512344 0 -0.95105651629512344 -0.3090169943750401 0 0.59999999999999998
2 0 0 0.69999999999999996 0 0 1 1 0 -0 -0 1 0 6.7000000000000002
2 7.3999999999999999e-16 6.7000000000000002 0.69999999999999996 0 0 1 1.1e-16 1 -0 -1 1.1e-16 0 0.59999999999999998
2 0 0 0.69999999999999996 0 0 1 1 0 -0 -0 1 0 6.7000000000000002
2 2.0704138623119999 6.3720786591780003 0.69999999999999996 0 0 1 0.3090169943750401 0.95105651629512344 -0 -0.95105651629512344 0.3090169943750401 0 0.59999999999999998
2 0 0 0.69999999999999996 0 0 1 1 0 -0 -0 1 0 6.7000000000000002
2 3.9381611903599998 5.4204138623120004 0.69999999999999996 0 0 1 0.5877852522921384 0.80901699437519059 -0 -0.80901699437519059 0.5877852522921384 0 0.59999999999999998
2 0 0 0.69999999999999996 0 0 1 1 0 -0 -0 1 0 6.7000000000000002
2 5.4204138623120004 3.9381611903599998 0.69999999999999996 0 0 1 0.80901699437519059 0.5877852522921384 -0 -0.5877852522921384 0.80901699437519059 0 0.59999999999999998
2 0 0 0.69999999999999996 0 0 1 1 0 -0 -0 1 0 6.7000000000000002
2 6.3720786591780003 2.0704138623119999 0.69999999999999996 0 0 1 0.95105651629512344 0.3090169943750401 -0 -0.3090169943750401 0.95105651629512344 0 0.59999999999999998
2 0 0 0 0 0 1 1 0 -0 -0 1 0 9
1 0 0 8.3000000000000007 0 0 1 1 0 -0 -0 1 0 
1 0 0 0 0 0 1 1 0 -0 -0 1 0 
3 0 0 8.5 0 0 1 1 0 -0 -0 1 0 9
0.78539816339699997
2 0 0 -6 0 0 1 1 0 -0 -0 1 0 2.5
2 0 0 8.3000000000000007 0 0 1 1 0 -0 -0 1 0 9
1 0 0 9 0 0 1 1 0 -0 -0 1 0 
Triangulations 0

TShapes 325
Ve
1e-07
8.8 0 0.7
0 0

0101101
*
Ed
 1e-07 1 1 0
1  1 0 0 6.28318530717959
2  1 2 0 0 6.28318530717959
4 C0 1 0 2 0
0

0101000
+325 0 -325 0 *
Wi

0101100
+324 0 *
Ve
1e-07
6.673134328358 0.599398227965 0.7
0 0

0101101
*
Ve
1e-07
6.531752125937 1.492050322648 0.7
0 0

0101101
*
Ed
 1e-07 1 1 0
1  2 0 0.089582189729341 0.224577075629704
2  2 3 0 0.089582189729341 0.224577075629704
4 C0 1 0 3 0
0

0101000
+322 0 -321 0 *
Ve
1e-07
6.673134328358 -0.599398227965 0.7
0 0

0101101
*
Ed
 1e-07 1 1 0
1  3 0 1.61558742165987 4.66759788551972
2  3 4 0 1.61558742165987 4.66759788551972
4 C0 1 0 4 0
0

0101000
+322 0 -319 0 *
Ve
1e-07
6.531752125937 -1.492050322648 0.7
0 0

0101101
*
Ed
 1e-07 1 1 0
1  4 0 6.05860823154988 6.19360311745024
2  4 5 0 6.05860823154988 6.19360311745024
4 C0 1 0 5 0
0

0101000
+317 0 -319 0 *
Ve
1e-07
6.161303648259 -2.632173503771 0.7
0 0

0101101
*
Ed
 1e-07 1 1 0
1  5 0 1.61558742166076 4.66759788551998
2  5 6 0 1.61558742166076 4.66759788551998
4 C0 1 0 6 0
0

0101000
+317 0 -315 0 *
Ve
1e-07
5.750996516037 -3.437446591954 0.7
0 0

0101101
*
Ed
 1e-07 1 1 0
1  6 0 5.74444896619095 5.87944385209135
2  6 7 0 5.74444896619095 5.87944385209135
4 C0 1 0 7 0
0

0101000
+313 0 -315 0 *
Ve
1e-07
5.046361638741 -4.407293297597 0.7
0 0

0101101
*
Ed
 1e-07 1 1 0
1  7 0 1.6155874216586 4.66759788551942
2  7 8 0 1.6155874216586 4.66759788551942
4 C0 1 0 8 0
0

0101000
+313 0 -311 0 *
Ve
1e-07
4.407293297597 -5.046361638741 0.7
0 0

0101101
*
Ed
 1e-07 1 1 0
1  8 0 5.43028970083189 5.56528458673239
2  8 9 0 5.43028970083189 5.56528458673239
4 C0 1 0 9 0
0

0101000
+309 0 -311 0 *
Ve
1e-07
3.437446591954 -5.750996516037 0.7
0 0

0101101
*
Ed
 1e-07 1 1 0
1  9 0 1.61558742166016 4.66759788552098
2  9 10 0 1.61558742166016 4.66759788552098
4 C0 1 0 10 0
0

0101000
+309 0 -307 0 *
Ve
1e-07
2.632173503771 -6.161303648259 0.7
0 0

0101101
*
Ed
 1e-07 1 1 0
1  10 0 5.11613043547292 5.25112532137333
2  10 11 0 5.11613043547292 5.25112532137333
4 C0 1 0 11 0
0

0101000
+305 0 -307 0 *
Ve
1e-07
1.492050322648 -6.531752125937 0.7
0 0

0101101
*
Ed
 1e-07 1 1 0
1  11 0 1.61558742165961 4.66759788551883
2  11 12 0 1.61558742165961 4.66759788551883
4 C0 1 0 12 0
0

0101000
+305 0 -303 0 *
Ve
1e-07
0.599398227965 -6.673134328358 0.7
0 0

0101101
*
Ed
 1e-07 1 1 0
1  12 0 4.80197117011403 4.93696605601439
2  12 13 0 4.80197117011403 4.93696605601439
4 C0 1 0 13 0
0

0101000
+301 0 -303 0 *
Ve
1e-07
-0.599398227965 -6.673134328358 0.7
0 0

0101101
*
Ed
 1e-07 1 1 0
1  13 0 1.61558742165987 4.66759788551972
2  13 14 0 1.61558742165987 4.66759788551972
4 C0 1 0 14 0
0

0101000
+301 0 -299 0 *
Ve
1e-07
-1.492050322648 -6.531752125937 0.7
0 0

0101101
*
Ed
 1e-07 1 1 0
1  14 0 4.48781190475499 4.62280679065535
2  14 15 0 4.48781190475499 4.62280679065535
4 C0 1 0 15 0
0

0101000
+297 0 -299 0 *
Ve
1e-07
-2.632173503771 -6.161303648259 0.7
0 0

0101101
*
Ed
 1e-07 1 1 0
1  15 0 1.61558742166076 4.66759788551998
2  15 16 0 1.61558742166076 4.66759788551998
4 C0 1 0 16 0
0

0101000
+297 0 -295 0 *
Ve
1e-07
-3.437446591954 -5.750996516037 0.7
0 0

0101101
*
Ed
 1e-07 1 1 0
1  16 0 4.17365263939605 4.30864752529646
2  16 17 0 4.17365263939605 4.30864752529646
4 C0 1 0 17 0
0

0101000
+293 0 -295 0 *
Ve
1e-07
-4.407293297597 -5.046361638741 0.7
0 0

0101101
*
Ed
 1e-07 1 1 0
1  17 0 1.6155874216586 4.66759788551942
2  17 18 0 1.6155874216586 4.66759788551942
4 C0 1 0 18 0
0

0101000
+293 0 -291 0 *
Ve
1e-07
-5.046361638741 -4.407293297597 0.7
0 0

0101101
*
Ed
 1e-07 1 1 0
1  18 0 3.85949337403699 3.99448825993749
2  18 19 0 3.85949337403699 3.99448825993749
4 C0 1 0 19 0
0

0101000
+289 0 -291 0 *
Ve
1e-07
-5.750996516037 -3.437446591954 0.7
0 0

0101101
*
Ed
 1e-07 1 1 0
1  19 0 1.61558742166016 4.66759788552098
2  19 20 0 1.61558742166016 4.66759788552098
4 C0 1 0 20 0
0

0101000
+289 0 -287 0 *
Ve
1e-07
-6.161303648259 -2.632173503771 0.7
0 0

0101101
*
Ed
 1e-07 1 1 0
1  20 0 3.54533410867803 3.68032899457843
2  20 21 0 3.54533410867803 3.68032899457843
4 C0 1 0 21 0
0

0101000
+285 0 -287 0 *
Ve
1e-07
-6.531752125937 -1.492050322648 0.7
0 0

0101101
*
Ed
 1e-07 1 1 0
1  21 0 1.61558742165961 4.66759788551883
2  21 22 0 1.61558742165961 4.66759788551883
4 C0 1 0 22 0
0

0101000
+285 0 -283 0 *
Ve
1e-07
-6.673134328358 -0.599398227965 0.7
0 0

0101101
*
Ed
 1e-07 1 1 0
1  22 0 3.23117484331913 3.3661697292195
2  22 23 0 3.23117484331913 3.3661697292195
4 C0 1 0 23 0
0

0101000
+281 0 -283 0 *
Ve
1e-07
-6.673134328358 0.599398227965 0.7
0 0

0101101
*
Ed
 1e-07 1 1 0
1  23 0 1.61558742165987 4.66759788551972
2  23 24 0 1.61558742165987 4.66759788551972
4 C0 1 0 24 0
0

0101000
+281 0 -279 0 *
Ve
1e-07
-6.531752125937 1.492050322648 0.7
0 0

0101101
*
Ed
 1e-07 1 1 0
1  24 0 2.91701557796009 3.05201046386045
2  24 25 0 2.91701557796009 3.05201046386045
4 C0 1 0 25 0
0

0101000
+277 0 -279 0 *
Ve
1e-07
-6.161303648259 2.632173503771 0.7
0 0

0101101
*
Ed
 1e-07 1 1 0
1  25 0 1.61558742166076 4.66759788551998
2  25 26 0 1.61558742166076 4.66759788551998
4 C0 1 0 26 0
0

0101000
+277 0 -275 0 *
Ve
1e-07
-5.750996516037 3.437446591954 0.7
0 0

0101101
*
Ed
 1e-07 1 1 0
1  26 0 2.60285631260115 2.73785119850156
2  26 27 0 2.60285631260115 2.73785119850156
4 C0 1 0 27 0
0

0101000
+273 0 -275 0 *
Ve
1e-07
-5.046361638741 4.407293297597 0.7
0 0

0101101
*
Ed
 1e-07 1 1 0
1  27 0 1.6155874216586 4.66759788551942
2  27 28 0 1.6155874216586 4.66759788551942
4 C0 1 0 28 0
0

0101000
+273 0 -271 0 *
Ve
1e-07
-4.407293297597 5.046361638741 0.7
0 0

0101101
*
Ed
 1e-07 1 1 0
1  28 0 2.28869704724209 2.4236919331426
2  28 29 0 2.28869704724209 2.4236919331426
4 C0 1 0 29 0
0

0101000
+269 0 -271 0 *
Ve
1e-07
-3.437446591954 5.750996516037 0.7
0 0

0101101
*
Ed
 1e-07 1 1 0
1  29 0 1.61558742166016 4.66759788552098
2  29 30 0 1.61558742166016 4.66759788552098
4 C0 1 0 30 0
0

0101000
+269 0 -267 0 *
Ve
1e-07
-2.632173503771 6.161303648259 0.7
0 0

0101101
*
Ed
 1e-07 1 1 0
1  30 0 1.97453778188313 2.10953266778354
2  30 31 0 1.97453778188313 2.10953266778354
4 C0 1 0 31 0
0

0101000
+265 0 -267 0 *
Ve
1e-07
-1.492050322648 6.531752125937 0.7
0 0

0101101
*
Ed
 1e-07 1 1 0
1  31 0 1.61558742165961 4.66759788551883
2  31 32 0 1.61558742165961 4.66759788551883
4 C0 1 0 32 0
0

0101000
+265 0 -263 0 *
Ve
1e-07
-0.599398227965 6.673134328358 0.7
0 0

0101101
*
Ed
 1e-07 1 1 0
1  32 0 1.66037851652424 1.7953734024246
2  32 33 0 1.66037851652424 1.7953734024246
4 C0 1 0 33 0
0

0101000
+261 0 -263 0 *
Ve
1e-07
0.599398227965 6.673134328358 0.7
0 0

0101101
*
Ed
 1e-07 1 1 0
1  33 0 1.61558742165987 4.66759788551972
2  33 34 0 1.61558742165987 4.66759788551972
4 C0 1 0 34 0
0

0101000
+261 0 -259 0 *
Ve
1e-07
1.492050322648 6.531752125937 0.7
0 0

0101101
*
Ed
 1e-07 1 1 0
1  34 0 1.34621925116519 1.48121413706556
2  34 35 0 1.34621925116519 1.48121413706556
4 C0 1 0 35 0
0

0101000
+257 0 -259 0 *
Ve
1e-07
2.632173503771 6.161303648259 0.7
0 0

0101101
*
Ed
 1e-07 1 1 0
1  35 0 1.61558742166076 4.66759788551998
2  35 36 0 1.61558742166076 4.66759788551998
4 C0 1 0 36 0
0

0101000
+257 0 -255 0 *
Ve
1e-07
3.437446591954 5.750996516037 0.7
0 0

0101101
*
Ed
 1e-07 1 1 0
1  36 0 1.03205998580626 1.16705487170666
2  36 37 0 1.03205998580626 1.16705487170666
4 C0 1 0 37 0
0

0101000
+253 0 -255 0 *
Ve
1e-07
4.407293297597 5.046361638741 0.7
0 0

0101101
*
Ed
 1e-07 1 1 0
1  37 0 1.6155874216586 4.66759788551942
2  37 38 0 1.6155874216586 4.66759788551942
4 C0 1 0 38 0
0

0101000
+253 0 -251 0 *
Ve
1e-07
5.046361638741 4.407293297597 0.7
0 0

0101101
*
Ed
 1e-07 1 1 0
1  38 0 0.717900720447198 0.852895606347699
2  38 39 0 0.717900720447198 0.852895606347699
4 C0 1 0 39 0
0

0101000
+249 0 -251 0 *
Ve
1e-07
5.750996516037 3.437446591954 0.7
0 0

0101101
*
Ed
 1e-07 1 1 0
1  39 0 1.61558742166016 4.66759788552098
2  39 40 0 1.61558742166016 4.66759788552098
4 C0 1 0 40 0
0

0101000
+249 0 -247 0 *
Ve
1e-07
6.161303648259 2.632173503771 0.7
0 0

0101101
*
Ed
 1e-07 1 1 0
1  40 0 0.403741455088233 0.53873634098864
2  40 41 0 0.403741455088233 0.53873634098864
4 C0 1 0 41 0
0

0101000
+245 0 -247 0 *
Ed
 1e-07 1 1 0
1  41 0 1.61558742165961 4.66759788551883
2  41 42 0 1.61558742165961 4.66759788551883
4 C0 1 0 42 0
0

0101000
+245 0 -321 0 *
Wi

0101100
-320 0 +318 0 -316 0 +314 0 -312 0 +310 0 -308 0 +306 0 -304 0 +302 0 
-300 0 +298 0 -296 0 +294 0 -292 0 +290 0 -288 0 +286 0 -284 0 +282 0 
-280 0 +278 0 -276 0 +274 0 -272 0 +270 0 -268 0 +266 0 -264 0 +262 0 
-260 0 +258 0 -256 0 +254 0 -252 0 +250 0 -248 0 +246 0 -244 0 +243 0 
*
Fa
0  1e-07 1 0

0111000
+323 0 +242 0 *
Ve
1e-07
9 0 0.5
0 0

0101101
*
Ed
 1e-07 1 1 0
1  42 0 0 0.282842712474618
3  42 43CN 2 0 0 0.282842712474618
0

0101000
+240 0 -325 0 *
Ed
 1e-07 1 1 0
1  43 0 0 6.28318530717959
2  44 43 0 0 6.28318530717959
2  45 2 0 0 6.28318530717959
4 C0 2 0 43 0
0

0101000
+240 0 -240 0 *
Wi

0101100
-239 0 +238 0 +239 0 -324 0 *
Fa
0  1e-07 2 0

0111000
+237 0 *
Ve
1e-07
6.673134328358 0.599398227965 8.3
0 0

0101101
*
Ve
1e-07
6.531752125937 1.492050322648 8.3
0 0

0101101
*
Ed
 1e-07 1 1 0
1  44 0 0.089582189729341 0.224577075629704
2  46 3 0 0.089582189729341 0.224577075629704
4 C0 3 0 44 0
0

0101000
+235 0 -234 0 *
Ed
 1e-07 1 1 0
1  45 0 0 7.6
2  47 3 0 0 7.6
2  48 4 0 0 7.6
4 C0 3 0 4 0
0

0101000
+322 0 -235 0 *
Ed
 1e-07 1 1 0
1  46 0 0 7.6
2  49 3 0 0 7.6
2  50 42 0 0 7.6
4 C0 3 0 42 0
0

0101000
+321 0 -234 0 *
Wi

0101100
-233 0 -232 0 +320 0 +231 0 *
Fa
0  1e-07 3 0

0111000
+230 0 *
Ve
1e-07
6.161303648259 2.632173503771 8.3
0 0

0101101
*
Ed
 1e-07 1 1 0
1  47 0 1.61558742165961 4.66759788551883
2  51 42 0 1.61558742165961 4.66759788551883
4 C0 42 0 44 0
0

0101000
+228 0 -234 0 *
Ed
 1e-07 1 1 0
1  48 0 0 7.6
2  52 42 0 0 7.6
2  53 41 0 0 7.6
4 C0 42 0 41 0
0

0101000
+245 0 -228 0 *
Wi

0101100
-227 0 -226 0 +243 0 +231 0 *
Fa
0  1e-07 42 0

0111000
+225 0 *
Ve
1e-07
5.750996516037 3.437446591954 8.3
0 0

0101101
*
Ed
 1e-07 1 1 0
1  49 0 0.403741455088233 0.53873634098864
2  54 41 0 0.403741455088233 0.53873634098864
4 C0 41 0 44 0
0

0101000
+228 0 -223 0 *
Ed
 1e-07 1 1 0
1  50 0 0 7.6
2  55 41 0 0 7.6
2  56 40 0 0 7.6
4 C0 41 0 40 0
0

0101000
+247 0 -223 0 *
Wi

0101100
-222 0 -226 0 +244 0 +221 0 *
Fa
0  1e-07 41 0

0111000
+220 0 *
Ve
1e-07
5.046361638741 4.407293297597 8.3
0 0

0101101
*
Ed
 1e-07 1 1 0
1  51 0 1.61558742166016 4.66759788552098
2  57 40 0 1.61558742166016 4.66759788552098
4 C0 40 0 44 0
0

0101000
+218 0 -223 0 *
Ed
 1e-07 1 1 0
1  52 0 0 7.6
2  58 40 0 0 7.6
2  59 39 0 0 7.6
4 C0 40 0 39 0
0

0101000
+249 0 -218 0 *
Wi

0101100
-217 0 -216 0 +246 0 +221 0 *
Fa
0  1e-07 40 0

0111000
+215 0 *
Ve
1e-07
4.407293297597 5.046361638741 8.3
0 0

0101101
*
Ed
 1e-07 1 1 0
1  53 0 0.717900720447198 0.852895606347699
2  60 39 0 0.717900720447198 0.852895606347699
4 C0 39 0 44 0
0

0101000
+218 0 -213 0 *
Ed
 1e-07 1 1 0
1  54 0 0 7.6
2  61 39 0 0 7.6
2  62 38 0 0 7.6
4 C0 39 0 38 0
0

0101000
+251 0 -213 0 *
Wi

0101100
-212 0 -216 0 +248 0 +211 0 *
Fa
0  1e-07 39 0

0111000
+210 0 *
Ve
1e-07
3.437446591954 5.750996516037 8.3
0 0

0101101
*
Ed
 1e-07 1 1 0
1  55 0 1.6155874216586 4.66759788551942
2  63 38 0 1.6155874216586 4.66759788551942
4 C0 38 0 44 0
0

0101000
+208 0 -213 0 *
Ed
 1e-07 1 1 0
1  56 0 0 7.6
2  64 38 0 0 7.6
2  65 37 0 0 7.6
4 C0 38 0 37 0
0

0101000
+253 0 -208 0 *
Wi

0101100
-207 0 -206 0 +250 0 +211 0 *
Fa
0  1e-07 38 0

0111000
+205 0 *
Ve
1e-07
2.632173503771 6.161303648259 8.3
0 0

0101101
*
Ed
 1e-07 1 1 0
1  57 0 1.03205998580626 1.16705487170666
2  66 37 0 1.03205998580626 1.16705487170666
4 C0 37 0 44 0
0

0101000
+208 0 -203 0 *
Ed
 1e-07 1 1 0
1  58 0 0 7.6
2  67 37 0 0 7.6
2  68 36 0 0 7.6
4 C0 37 0 36 0
0

0101000
+255 0 -203 0 *
Wi

0101100
-202 0 -206 0 +252 0 +201 0 *
Fa
0  1e-07 37 0

0111000
+200 0 *
Ve
1e-07
1.492050322648 6.531752125937 8.3
0 0

0101101
*
Ed
 1e-07 1 1 0
1  59 0 1.61558742166076 4.66759788551998
2  69 36 0 1.61558742166076 4.66759788551998
4 C0 36 0 44 0
0

0101000
+198 0 -203 0 *
Ed
 1e-07 1 1 0
1  60 0 0 7.6
2  70 36 0 0 7.6
2  71 35 0 0 7.6
4 C0 36 0 35 0
0

0101000
+257 0 -198 0 *
Wi

0101100
-197 0 -196 0 +254 0 +201 0 *
Fa
0  1e-07 36 0

0111000
+195 0 *
Ve
1e-07
0.599398227965 6.673134328358 8.3
0 0

0101101
*
Ed
