DBRep_DrawableShape

CASCADE Topology V1, (c) Matra-Datavision
Locations 1
1
              1               0               0             150 
              0               1               0               0 
              0               0               1               0 
Curve2ds 194
1 6.2831853071795862 -0.70710678118654746 -1 0 
1 0 0 1 0 
1 0 0 1 0 
1 0 0 1 0 
1 0 0 1 0 
1 0 0 1 0 
1 0 0 1 0 
1 0 0 1 0 
1 0 0 1 0 
1 0 0 1 0 
1 0 0 1 0 
1 0 0 1 0 
1 0 0 1 0 
1 0 0 1 0 
1 0 0 1 0 
1 0 0 1 0 
1 0 0 1 0 
1 0 0 1 0 
1 0 0 1 0 
1 0 0 1 0 
1 0 0 1 0 
1 0 0 1 0 
1 0 0 1 0 
1 0 0 1 0 
1 0 0 1 0 
1 0 0 1 0 
1 0 0 1 0 
1 0 0 1 0 
1 0 0 1 0 
1 0 0 1 0 
1 0 0 1 0 
1 0 0 1 0 
1 0 0 1 0 
1 0 0 1 0 
1 0 0 1 0 
1 0 0 1 0 
1 0 0 1 0 
1 0 0 1 0 
1 0 0 1 0 
1 0 0 1 0 
1 0 0 1 0 
7 0 0  1 2 2  -4.1389000000000002e-13 0  -4.1389000000000002e-13 -0.70710678118623049 
 0 2 0.70710678118699999 2
7 0 0  1 2 2  6.2831853071795862 0  6.2831853071795862 -0.70710678118623049 
 0 2 0.70710678118699999 2
1 0 0.5 1 0 
1 6.2831853071795862 0 -1 0 
1 0 7.5999999999999996 1 0 
7 0 0  1 2 2  0.098400349852539995 0  0.098400349852539995 7.5999999999999996 
 0 2 7.5999999999999996 2
7 0 0  1 2 2  1.6199965017210001 0  1.6199965017210001 7.5999999999999996 
 0 2 7.5999999999999996 2
7 0 0  1 2 2  0.21575891550599999 0  0.21575891550599999 7.5999999999999996 
 0 2 7.5999999999999996 2
7 0 0  1 2 2  4.6631888054579997 0  4.6631888054579997 7.5999999999999996 
 0 2 7.5999999999999996 2
1 0 7.5999999999999996 1 0 
7 0 0  1 2 2  1.6199965017210001 0  1.6199965017210001 7.5999999999999996 
 0 2 7.5999999999999996 2
7 0 0  1 2 2  0.41255961521200002 0  0.41255961521200002 7.5999999999999996 
 0 2 7.5999999999999996 2
1 0 7.5999999999999996 1 0 
7 0 0  1 2 2  0.52991818086499998 0  0.52991818086499998 7.5999999999999996 
 0 2 7.5999999999999996 2
7 0 0  1 2 2  4.6631888054579997 0  4.6631888054579997 7.5999999999999996 
 0 2 7.5999999999999996 2
1 0 7.5999999999999996 1 0 
7 0 0  1 2 2  1.6199965017210001 0  1.6199965017210001 7.5999999999999996 
 0 2 7.5999999999999996 2
7 0 0  1 2 2  0.72671888057099998 0  0.72671888057099998 7.5999999999999996 
 0 2 7.5999999999999996 2
1 0 7.5999999999999996 1 0 
7 0 0  1 2 2  0.84407744622400005 0  0.84407744622400005 7.5999999999999996 
 0 2 7.5999999999999996 2
7 0 0  1 2 2  4.6631888054579997 0  4.6631888054579997 7.5999999999999996 
 0 2 7.5999999999999996 2
1 0 7.5999999999999996 1 0 
7 0 0  1 2 2  1.6199965017210001 0  1.6199965017210001 7.5999999999999996 
 0 2 7.5999999999999996 2
7 0 0  1 2 2  1.040878145929 0  1.040878145929 7.5999999999999996 
 0 2 7.5999999999999996 2
1 0 7.5999999999999996 1 0 
7 0 0  1 2 2  1.1582367115829999 0  1.1582367115829999 7.5999999999999996 
 0 2 7.5999999999999996 2
7 0 0  1 2 2  4.6631888054579997 0  4.6631888054579997 7.5999999999999996 
 0 2 7.5999999999999996 2
1 0 7.5999999999999996 1 0 
7 0 0  1 2 2  1.6199965017210001 0  1.6199965017210001 7.5999999999999996 
 0 2 7.5999999999999996 2
7 0 0  1 2 2  1.3550374112879999 0  1.3550374112879999 7.5999999999999996 
 0 2 7.5999999999999996 2
1 0 7.5999999999999996 1 0 
7 0 0  1 2 2  1.4723959769420001 0  1.4723959769420001 7.5999999999999996 
 0 2 7.5999999999999996 2
7 0 0  1 2 2  4.6631888054579997 0  4.6631888054579997 7.5999999999999996 
 0 2 7.5999999999999996 2
1 0 7.5999999999999996 1 0 
7 0 0  1 2 2  1.6199965017210001 0  1.6199965017210001 7.5999999999999996 
 0 2 7.5999999999999996 2
7 0 0  1 2 2  1.6691966766470001 0  1.6691966766470001 7.5999999999999996 
 0 2 7.5999999999999996 2
1 0 7.5999999999999996 1 0 
7 0 0  1 2 2  1.786555242301 0  1.786555242301 7.5999999999999996 
 0 2 7.5999999999999996 2
7 0 0  1 2 2  4.6631888054579997 0  4.6631888054579997 7.5999999999999996 
 0 2 7.5999999999999996 2
1 0 7.5999999999999996 1 0 
7 0 0  1 2 2  1.6199965017210001 0  1.6199965017210001 7.5999999999999996 
 0 2 7.5999999999999996 2
7 0 0  1 2 2  1.9833559420060001 0  1.9833559420060001 7.5999999999999996 
 0 2 7.5999999999999996 2
1 0 7.5999999999999996 1 0 
7 0 0  1 2 2  2.1007145076599998 0  2.1007145076599998 7.5999999999999996 
 0 2 7.5999999999999996 2
7 0 0  1 2 2  4.6631888054579997 0  4.6631888054579997 7.5999999999999996 
 0 2 7.5999999999999996 2
1 0 7.5999999999999996 1 0 
7 0 0  1 2 2  1.6199965017210001 0  1.6199965017210001 7.5999999999999996 
 0 2 7.5999999999999996 2
7 0 0  1 2 2  2.297515207365 0  2.297515207365 7.5999999999999996 
 0 2 7.5999999999999996 2
1 0 7.5999999999999996 1 0 
7 0 0  1 2 2  2.414873773019 0  2.414873773019 7.5999999999999996 
 0 2 7.5999999999999996 2
7 0 0  1 2 2  4.6631888054579997 0  4.6631888054579997 7.5999999999999996 
 0 2 7.5999999999999996 2
1 0 7.5999999999999996 1 0 
7 0 0  1 2 2  1.6199965017210001 0  1.6199965017210001 7.5999999999999996 
 0 2 7.5999999999999996 2
7 0 0  1 2 2  2.6116744727240002 0  2.6116744727240002 7.5999999999999996 
 0 2 7.5999999999999996 2
1 0 7.5999999999999996 1 0 
7 0 0  1 2 2  2.7290330383780002 0  2.7290330383780002 7.5999999999999996 
 0 2 7.5999999999999996 2
7 0 0  1 2 2  4.6631888054579997 0  4.6631888054579997 7.5999999999999996 
 0 2 7.5999999999999996 2
1 0 7.5999999999999996 1 0 
7 0 0  1 2 2  1.6199965017210001 0  1.6199965017210001 7.5999999999999996 
 0 2 7.5999999999999996 2
7 0 0  1 2 2  2.925833738083 0  2.925833738083 7.5999999999999996 
 0 2 7.5999999999999996 2
1 0 7.5999999999999996 1 0 
7 0 0  1 2 2  3.0431923037369999 0  3.0431923037369999 7.5999999999999996 
 0 2 7.5999999999999996 2
7 0 0  1 2 2  4.6631888054579997 0  4.6631888054579997 7.5999999999999996 
 0 2 7.5999999999999996 2
1 0 7.5999999999999996 1 0 
7 0 0  1 2 2  1.6199965017210001 0  1.6199965017210001 7.5999999999999996 
 0 2 7.5999999999999996 2
7 0 0  1 2 2  3.2399930034420001 0  3.2399930034420001 7.5999999999999996 
 0 2 7.5999999999999996 2
7 0 0  1 2 2  3.3573515690960001 0  3.3573515690960001 7.5999999999999996 
 0 2 7.5999999999999996 2
7 0 0  1 2 2  4.6631888054579997 0  4.6631888054579997 7.5999999999999996 
 0 2 7.5999999999999996 2
1 0 7.5999999999999996 1 0 
1 0 7.5999999999999996 1 0 
7 0 0  1 2 2  1.6199965017210001 0  1.6199965017210001 7.5999999999999996 
 0 2 7.5999999999999996 2
7 0 0  1 2 2  3.5541522688009999 0  3.5541522688009999 7.5999999999999996 
 0 2 7.5999999999999996 2
7 0 0  1 2 2  3.6715108344549998 0  3.6715108344549998 7.5999999999999996 
 0 2 7.5999999999999996 2
7 0 0  1 2 2  4.6631888054579997 0  4.6631888054579997 7.5999999999999996 
 0 2 7.5999999999999996 2
1 0 7.5999999999999996 1 0 
1 0 7.5999999999999996 1 0 
7 0 0  1 2 2  1.6199965017210001 0  1.6199965017210001 7.5999999999999996 
 0 2 7.5999999999999996 2
7 0 0  1 2 2  3.8683115341600001 0  3.8683115341600001 7.5999999999999996 
 0 2 7.5999999999999996 2
7 0 0  1 2 2  3.985670099814 0  3.985670099814 7.5999999999999996 
 0 2 7.5999999999999996 2
7 0 0  1 2 2  4.6631888054579997 0  4.6631888054579997 7.5999999999999996 
 0 2 7.5999999999999996 2
1 0 7.5999999999999996 1 0 
1 0 7.5999999999999996 1 0 
7 0 0  1 2 2  1.6199965017210001 0  1.6199965017210001 7.5999999999999996 
 0 2 7.5999999999999996 2
7 0 0  1 2 2  4.1824707995189998 0  4.1824707995189998 7.5999999999999996 
 0 2 7.5999999999999996 2
7 0 0  1 2 2  4.2998293651730002 0  4.2998293651730002 7.5999999999999996 
 0 2 7.5999999999999996 2
7 0 0  1 2 2  4.6631888054579997 0  4.6631888054579997 7.5999999999999996 
 0 2 7.5999999999999996 2
1 0 7.5999999999999996 1 0 
1 0 7.5999999999999996 1 0 
7 0 0  1 2 2  1.6199965017210001 0  1.6199965017210001 7.5999999999999996 
 0 2 7.5999999999999996 2
7 0 0  1 2 2  4.4966300648780004 0  4.4966300648780004 7.5999999999999996 
 0 2 7.5999999999999996 2
7 0 0  1 2 2  4.6139886305319999 0  4.6139886305319999 7.5999999999999996 
 0 2 7.5999999999999996 2
7 0 0  1 2 2  4.6631888054579997 0  4.6631888054579997 7.5999999999999996 
 0 2 7.5999999999999996 2
1 0 7.5999999999999996 1 0 
1 0 7.5999999999999996 1 0 
7 0 0  1 2 2  1.6199965017210001 0  1.6199965017210001 7.5999999999999996 
 0 2 7.5999999999999996 2
7 0 0  1 2 2  4.8107893302370002 0  4.8107893302370002 7.5999999999999996 
 0 2 7.5999999999999996 2
7 0 0  1 2 2  4.9281478958909997 0  4.9281478958909997 7.5999999999999996 
 0 2 7.5999999999999996 2
7 0 0  1 2 2  4.6631888054579997 0  4.6631888054579997 7.5999999999999996 
 0 2 7.5999999999999996 2
1 0 7.5999999999999996 1 0 
1 0 7.5999999999999996 1 0 
7 0 0  1 2 2  1.6199965017210001 0  1.6199965017210001 7.5999999999999996 
 0 2 7.5999999999999996 2
7 0 0  1 2 2  5.1249485955959999 0  5.1249485955959999 7.5999999999999996 
 0 2 7.5999999999999996 2
7 0 0  1 2 2  5.2423071612500003 0  5.2423071612500003 7.5999999999999996 
 0 2 7.5999999999999996 2
7 0 0  1 2 2  4.6631888054579997 0  4.6631888054579997 7.5999999999999996 
 0 2 7.5999999999999996 2
1 0 7.5999999999999996 1 0 
1 0 7.5999999999999996 1 0 
7 0 0  1 2 2  1.6199965017210001 0  1.6199965017210001 7.5999999999999996 
 0 2 7.5999999999999996 2
7 0 0  1 2 2  5.4391078609549997 0  5.4391078609549997 7.5999999999999996 
 0 2 7.5999999999999996 2
7 0 0  1 2 2  5.556466426609 0  5.556466426609 7.5999999999999996 
 0 2 7.5999999999999996 2
7 0 0  1 2 2  4.6631888054579997 0  4.6631888054579997 7.5999999999999996 
 0 2 7.5999999999999996 2
1 0 7.5999999999999996 1 0 
1 0 7.5999999999999996 1 0 
7 0 0  1 2 2  1.6199965017210001 0  1.6199965017210001 7.5999999999999996 
 0 2 7.5999999999999996 2
7 0 0  1 2 2  5.7532671263140003 0  5.7532671263140003 7.5999999999999996 
 0 2 7.5999999999999996 2
7 0 0  1 2 2  5.8706256919679998 0  5.8706256919679998 7.5999999999999996 
 0 2 7.5999999999999996 2
7 0 0  1 2 2  4.6631888054579997 0  4.6631888054579997 7.5999999999999996 
 0 2 7.5999999999999996 2
1 0 7.5999999999999996 1 0 
1 0 7.5999999999999996 1 0 
7 0 0  1 2 2  1.6199965017210001 0  1.6199965017210001 7.5999999999999996 
 0 2 7.5999999999999996 2
7 0 0  1 2 2  6.067426391673 0  6.067426391673 7.5999999999999996 
 0 2 7.5999999999999996 2
7 0 0  1 2 2  6.1847849573270004 0  6.1847849573270004 7.5999999999999996 
 0 2 7.5999999999999996 2
7 0 0  1 2 2  4.6631888054579997 0  4.6631888054579997 7.5999999999999996 
 0 2 7.5999999999999996 2
1 0 7.5999999999999996 1 0 
1 0 7.5999999999999996 1 0 
1 6.2831853071795862 0 0 1 
1 4.1389000000000002e-13 0 0 1 
1 0 0 1 0 
1 0 -0.70710678118623049 1 -0 
1 0 0 1 0 
7 0 0  1 2 2  4.1389000000000002e-13 0  4.1389000000000002e-13 -0.70710678118623049 
 0 2 0.70710678118699999 2
7 0 0  1 2 2  6.2831853071795862 0  6.2831853071795862 -0.70710678118623049 
 0 2 0.70710678118699999 2
1 0 0 1 -0 
1 0 0.5 1 0 
1 6.2831853071795862 0 0 1 
1 4.1389000000000002e-13 0 0 1 
7 0 0  8 44 7  3.1415926535900001 1.5  3.2165626435900001 1.5  3.28900456087 1.494218948226  3.3592004308860002 1.4833389818230001  3.4272943023560001 1.4680910192250001  3.493343588318 1.4492467559069999  3.5573262595870001 1.4276159133120001  3.619113129644 1.4040431670210001  3.7476879212609999 1.350611061727  3.8150110174340002 1.3197612213579999  3.8812820982149998 1.287467229619  3.9474506798350002 1.25405793377  4.0145596693860002 1.2197459044850001  4.0837550690980002 1.184749900363  4.1563411939490003 1.1496012788600001  4.2793515711229997 1.096140789765  4.3244240921830004 1.077784747048  4.3723669111549999 1.0596755277400001  4.4254418384080001 1.0415575446080001  4.4849247544780004 1.024209718831  4.5516537646149997 1.0094377301890001  4.6264623154819997 1.0001356229809999  4.799311088534 0.99986054148900005  4.8771752608629999 1.009769699295  4.9463975493129997 1.025569946236  5.0078651105749996 1.0440151470879999  5.0624705354110002 1.063121573161  5.1116161927860002 1.0820788473459999  5.1578716046770001 1.1012637681449999  5.2775466474249999 1.154131416769  5.3458939643210002 1.1873059779249999  5.411307954153 1.220336890907  5.4748976676219998 1.2527804667760001  5.5376364439339998 1.284435565238  5.6004067997450004 1.3151109150260001  5.6640116417990001 1.344527980933  5.7902979527590004 1.3981174041869999  5.8539069776370001 1.4229798093429999  5.9197768586940001 1.4458671269550001  5.9878109395030004 1.465878207729  6.0580212259949997 1.4821344392539999  6.1305015235390004 1.49378300959  6.2054399299099998 1.4999999930029999  6.2831853071800001 1.5 
 0 9 0.175346919717 7 0.38018017026599998 7 0.49996930178600002 7 0.62517965272700005 7 0.81867991144700003 7 1 9
7 0 0  8 44 7  6.2831853071800001 13.5  6.2382033131789996 13.5  6.1947382567960005 13.490365043835  6.1528668716729999 13.472231150008  6.1126812931540009 13.446597521171  6.0742901123959996 13.414431329591  6.0378229616750012 13.376715348125  6.0034352324570008 13.334498268434  5.9337815659909996 13.235867110126  5.8985588476170001 13.17715310528  5.8652893210600006 13.113263580508001  5.8336394025239997 13.043990296021001  5.8033696549770006 12.968594982949  5.7743733873930001 12.88583173228  5.7468117157879988 12.793933216320999  5.706663510165999 12.630135237668  5.6932768929549997 12.568492615761  5.6803351235369988 12.501623908183999  5.6676744660530005 12.426136067287  5.6558278270330007 12.339776957812999  5.6459759208240001 12.241084268237  5.639774613797 12.128889869803  5.6395912259519996 11.869616969651  5.6461972092529997 11.752803206844  5.6567286027330006 11.650506661212001  5.6693470392640002 11.561457644986  5.6827411887470003 11.484065469079001  5.6963497977589999 11.41582636995  5.7104117726709998 11.352898959452  5.75041056389 11.194720726657  5.7765920196360003 11.108663692632  5.8040645146939998 11.030643893551  5.832703278427001 10.959184900623001  5.8625951713020008 10.893240172122001  5.8939345241199987 10.832177122898999  5.9269900892299994 10.775788910501999  5.994901101808999 10.676134814469  6.0301157730289994 10.631380910923999  6.0675229416069989 10.591344549315  6.1069779372940012 10.557124790774999  6.1483613911379997 10.529776628796  6.1915751613480001 10.510361465767  6.2365380808180007 10.500000011661999  6.2831853071800001 10.5 
 0 9 0.175346919717 7 0.38018017026599998 7 0.49996930178600002 7 0.62517965272700005 7 0.81867991144700003 7 1 9
1 6.2831853071795862 0 0 1 
1 4.1389000000000002e-13 0 0 1 
1 0 14.6 1 0 
7 0 0  8 44 7  0 1.5  0.075959564741999996 1.499999993164  0.14929222478900001 1.494065339234  0.22030353746 1.482914138728  0.28915306590599998 1.4673097999160001  0.3559109674 1.448052448865  0.42056712150699999 1.425976042394  0.48300365799 1.4019452482600001  0.61201908150499995 1.3479200016249999  0.67915976084499996 1.3169955045699999  0.74528473311700005 1.2846714109849999  0.81136863119799996 1.2512561386329999  0.87847574399299999 1.2169438331419999  0.94776798558599995 1.1819508626149999  1.0205544869209999 1.146836708753  1.1426332625 1.094174555922  1.186554755513 1.076423307377  1.2331792456540001 1.058945612232  1.2846275336499999 1.0415026709740001  1.342127078678 1.024794848765  1.406481631291 1.01045554846  1.4784765188839999 1.0010967055310001  1.6439902945910001 0.99900298620799999  1.718912711924 1.0072192975059999  1.7859476782820001 1.021148798369  1.8459115647740001 1.0379469224719999  1.8995888958930001 1.055771837302  1.948090569271 1.073732199598  1.993376037959 1.091890635757  2.1163877879320001 1.1446313152880001  2.1893324997270001 1.1797123081250001  2.2587001871600001 1.214698705167  2.3258023824729999 1.2490067064570001  2.3918133819729999 1.2824212868139999  2.4578149937 1.3147635709159999  2.5248030511990001 1.345742225462  2.6541717079040001 1.4002418018230001  2.7171321781310001 1.4246433888129999  2.7823308264329998 1.4470809719569999  2.8496592207420002 1.466673716624  2.9191170080759998 1.4825678729439999  2.9907848906869998 1.49394000435  3.0648352921959998 1.5  3.1415926535900001 1.5 
 0 9 0.175115960535 7 0.37693328555400002 7 0.49139657902400002 7 0.610611292009 7 0.81804156491500002 7 1 9
7 0 0  8 44 7  0 10.5  0.045575738845199609 10.500000011394  0.08957523042341986 10.509890953826  0.13192603562800009 10.528476988363  0.17253988616100013 10.554716318806999  0.2113118423779996 10.587608589679  0.24811587496300014 10.62614546058  0.28280034828299971 10.669260085612001  0.35251165860300038 10.769245153218  0.38753151989099965 10.828282271369  0.42061123757699992 10.892457417087  0.45209330795000024 10.962025530437  0.48222097235000039 11.037773354085999  0.51109350736799986 11.12099377705  0.53852558312300047 11.213485141992001  0.57795054818299985 11.376552658404  0.59087179237400012 11.436742584471  0.60334580753399969 11.501864905418  0.61553040317499974 11.575093093023  0.62694719477700023 11.658561203573001  0.63652966701199976 11.753670301336999  0.64276992703799962 11.86152833333  0.64416582818499979 12.109783298376  0.63868732256300031 12.222296403534999  0.62942117465899994 12.321693036760999  0.61799424607099951 12.409057908746  0.60559121993400034 12.48570713806  0.59281105495800013 12.553636642543999  0.57962285423699988 12.615832808778  0.5402366117659998 12.780553352723  0.51291136695200024 12.873516088999001  0.48414009358999976 12.957099224892  0.45412866341299996 13.033124084193  0.42278428534199985 13.102921204636001  0.38986060944700007 13.167317266723  0.35500761643699974 13.226606270594999  0.28525354370099976 13.327683336181  0.25033127075000028 13.371527285023999  0.21325701480899983 13.410731138120999  0.17417928279999995 13.444213686398999  0.13322116460499966 13.470945842114  0.090484544771419984 13.489900170562001  0.04605441683599043 13.5  0 13.5 
 0 9 0.175115960535 7 0.37693328555400002 7 0.49139657902400002 7 0.610611292009 7 0.81804156491500002 7 1 9
1 6.2831853071795862 0 0 1 
1 4.1389000000000002e-13 0 0 1 
7 0 0  8 44 7  3.1415926535900001 8  3.2084738531929999 8  3.2732063362220001 7.9987219538360002  3.3360601909660001 7.9963096707360002  3.397182686406 7.9929190066700002  3.4566323140459998 7.988716725702  3.514384342529 7.9838793048339998  3.5703078850319998 7.9785916823619996  3.6906837203770002 7.9661847979309997  3.7556291052419999 7.9587618762180004  3.819758137185 7.9509395819869999  3.883832427607 7.942823336949  3.948744905801 7.934480413937  4.0154781249439999 7.9259726330840001  4.0850976575229998 7.9174141007690002  4.2083358929939996 7.9034980733609999  4.2565295342680001 7.8983661649189996  4.3071809104699996 7.8933251412279999  4.3629356402479997 7.8882422801279999  4.4254008624630004 7.8832583235779996  4.4956042965830001 7.8787849838700001  4.5744707216069997 7.8755261919040001  4.7564503158829998 7.8732700596829996  4.8398445939450001 7.8747322063089999  4.9151643149490001 7.8779466201470001  4.983197797031 7.8821874130929999  5.0446550011779996 7.8869324523840003  5.1002980401249998 7.8918533325739997  5.1513439844839999 7.8968162221440004  5.276380610416 7.9098905023189996  5.3479473589289999 7.9183217029649997  5.4156378027100001 7.9267787812010004  5.4805985898909997 7.9350972218480003  5.5439460014439996 7.9432186877469997  5.6067412775919996 7.9511126867700002  5.6699470923159998 7.9587229128260004  5.7954582633409997 7.9727389410259999  5.858532078424 7.9792910337269998  5.9236092983409998 7.9853623328359999  5.9906951500170003 7.9907151791639999  6.0599089366459999 7.9951055898519998  6.1314652662810003 7.9982846262559999  6.2057008512419998 7.9999999980630001  6.2831853071800001 8 
 0 9 0.15167385139299999 7 0.33932395764500001 7 0.46444951633699999 7 0.59533964477599999 7 0.80353748149100002 7 1 9
7 0 0  8 44 7  6.2831853071800001 4.9000000000000004  6.2720384405789993 4.9000000000000004  6.2612497322120007 4.8923331402399999  6.2508478251030013 4.8778554936849998  6.2408626053870009 4.8573013897159996  6.2313258916059997 4.8313542148800002  6.2222722604000005 4.8007183051200002  6.2137400086210004 4.7661919294870003  6.1959145842670011 4.6824077206080004  6.1866814055040003 4.630476098151  6.1779878328609996 4.5732640175919999  6.1697621493039989 4.5106746624980003  6.1619445408960001 4.4421205820320004  6.1545016317160002 4.3665910489539996  6.147453693519001 4.2826705638979998  6.1365489947060006 4.1254001346980003  6.1326793870699987 4.0617090811669998  6.1289730182730011 3.9930897516230002  6.1253378025790006 3.9156776354380001  6.1218731041380003 3.8266954269159998  6.1188547070020007 3.7241808678130002  6.1166759102179995 3.606688040661  6.115170016286001 3.3340459790820001  6.1161498762300006 3.2083788643890001  6.118272090775001 3.0961787882520002  6.1211360396149992 2.996702057752  6.1244258954470006 2.9088898617110002  6.1279341872310003 2.8312445255409999  6.1315671387609996 2.7617163821120001  6.14143111996 2.5959857459140001  6.1480735183280011 2.5058573669270001  6.1551133203509991 2.4253887174300002  6.1624837534000001 2.3528374179470002  6.1701981610020002 2.2867832848999998  6.1783182475040004 2.2262307197709998  6.1869332484450013 2.1706845936939998  6.2048492265830006 2.072494693101  6.2142154036849995 2.0285813859080002  6.2242253613949998 1.98947118541  6.234856282921001 1.9560905079669999  6.2460872624080004 1.929367987624  6.2578986841960003 1.910291824825  6.2702712311899997 1.900000011623  6.2831853071800001 1.8999999999999999 
 0 9 0.15167385139299999 7 0.33932395764500001 7 0.46444951633699999 7 0.59533964477599999 7 0.80353748149100002 7 1 9
1 6.2831853071795862 0 0 1 
1 4.1389000000000002e-13 0 0 1 
1 0 6 1 0 
7 0 0  8 44 7  0 8  0.070391973041969993 7.9999999982399999  0.138294412225 7.9985842535960003  0.20406445740199999 7.9959281456799998  0.26790818031699998 7.9922162114960003  0.32992883588299998 7.9876406136089999  0.39014100388200001 7.982399618144  0.44845062110900002 7.9766960825990001  0.57049717691799995 7.9637413262969998  0.63489169443000004 7.9562369643809996  0.69861007172400003 7.9483718705640003  0.76244831792900003 7.9402394259450002  0.82734858462500005 7.9318961623230004  0.89435263492600003 7.9233986022960003  0.96458394533400005 7.9148690611469998  1.088030550869 7.9012471601919998  1.1361266140649999 7.8962670541530002  1.1870336581950001 7.8913711028089999  1.243129087017 7.8864766395419998  1.3058654812249999 7.8817560889590004  1.376223476814 7.8776359742049999  1.4551067841050001 7.8748154910470003  1.6384601801800001 7.873567993809  1.7224968687719999 7.8755808050210003  1.797755631614 7.8792705049849996  1.8651392666590001 7.8838482533130003  1.925544287263 7.8887894788589996  1.9801069476149999 7.8938155249759996  2.0307167920559999 7.8988937089910003  2.1559408745890001 7.9123636134949997  2.2268258263609999 7.9208512884079996  2.2941595664859999 7.9293336320499996  2.3590853032279999 7.93767000214  2.4226856109420001 7.9458044449710004  2.485958049947 7.9536929584919998  2.549769425384 7.9612590609360003  2.673516458755 7.9747485681299999  2.7342028637619999 7.9808729423480003  2.7968526000009999 7.9865247869029998  2.8614132702989998 7.991483317388  2.927948168066 7.9955278275639996  2.9966136299500001 7.9984389544900001  3.0676759330109999 8  3.1415926535900001 8 
 0 9 0.16398524041400001 7 0.35643335691599998 7 0.48106148415200001 7 0.61364304148000004 7 0.817298852696 7 1 9
7 0 0  8 44 7  0 1.8999999999999999  0.01173199550698989 1.900000010559  0.023048995087339819 1.9084925401870001  0.033924788410110367 1.9244346419759999  0.044332307483910149 1.9469633689129999  0.054242840384580049 1.975302727444  0.063625229571090181 2.0086768374939998  0.072445054789639585 2.0462292989259998  0.090309071937419994 2.1347358971310002  0.099342150200330437 2.187949081028  0.10785032291200025 2.24635818382  0.11590741351099965 2.3101573644500002  0.12357425467100036 2.380050005722  0.13088155661399981 2.4571887073940002  0.13779867215899966 2.5431389451870001  0.14833188187999991 2.7027842459559999  0.15204788227700039 2.7670275379799998  0.15561220783999996 2.8366694387489999  0.15908149513400005 2.9152397921889999  0.16233772360800014 3.0052816707650001  0.16510197027599993 3.1086003909689999  0.16698404537000044 3.2265185485760002  0.16781601001599977 3.5014495281659999  0.16647248967900019 3.6278691295260002  0.16402673475900009 3.7394571983340001  0.16091131419600035 3.8372943922829998  0.15745448484299995 3.9228872840659998  0.15383833400399993 3.998363298079  0.1500886057819999 4.066680346918  0.13980333765300035 4.2306776693090002  0.13302092021799972 4.3187027778919997  0.12584640540799974 4.3974977877999999  0.11832697992300023 4.4687283942539997  0.11043934739200001 4.5336817728629999  0.10212218451099986 4.5931986556449997  0.093295404298089579 4.6476103691750001  0.075402139526380196 4.7409017007580001  0.066305040657200109 4.7815778007849996  0.056604433629369837 4.8177686907229997  0.046329809812529987 4.8485833889969996  0.035507823545049888 4.873165954449  0.02416313509267987 4.8906340053430002  0.01231945342981966 4.9000000000000004  0 4.9000000000000004 
 0 9 0.16398524041400001 7 0.35643335691599998 7 0.48106148415200001 7 0.61364304148000004 7 0.817298852696 7 1 9
1 6.2831853071800001 -0 0 1 
1 0 -0 0 1 
Curves 140
2 0 -1.2e-16 13.6 0 -1.2e-16 -1 1 0 0 0 -1 1.2e-16 8.5
2 0 -1.2e-16 13.6 0 -1.2e-16 -1 1 0 0 0 -1 1.2e-16 6.0999999999999996
2 6.0999999999999996 -1.2e-16 13.6 0 -1.2e-16 -1 1 0 0 0 -1 1.2e-16 0.59999999999999998
2 0 -1.2e-16 13.6 0 -1.2e-16 -1 1 0 0 0 -1 1.2e-16 6.0999999999999996
2 5.8014447493999999 1.885003665687 13.6 0 -1.2e-16 -1 0.95105651629512344 0.3090169943750401 -3.7082039325004812e-17 0.3090169943750401 -0.95105651629512344 1.1412678195541481e-16 0.59999999999999998
2 0 -1.2e-16 13.6 0 -1.2e-16 -1 1 0 0 0 -1 1.2e-16 6.0999999999999996
2 4.9350036656869998 3.5854900389840001 13.6 0 -1.2e-16 -1 0.80901699437519059 0.5877852522921384 -7.0534230275056606e-17 0.5877852522921384 -0.80901699437519059 9.708203932502287e-17 0.59999999999999998
2 0 -1.2e-16 13.6 0 -1.2e-16 -1 1 0 0 0 -1 1.2e-16 6.0999999999999996
2 3.5854900389840001 4.9350036656869998 13.6 0 -1.2e-16 -1 0.5877852522921384 0.80901699437519059 -9.708203932502287e-17 0.80901699437519059 -0.5877852522921384 7.0534230275056606e-17 0.59999999999999998
2 0 -1.2e-16 13.6 0 -1.2e-16 -1 1 0 0 0 -1 1.2e-16 6.0999999999999996
2 1.885003665687 5.8014447493999999 13.6 -0 -1.2e-16 -1 0.3090169943750401 0.95105651629512344 -1.1412678195541481e-16 0.95105651629512344 -0.3090169943750401 3.7082039325004812e-17 0.59999999999999998
2 0 -1.2e-16 13.6 0 -1.2e-16 -1 1 0 0 0 -1 1.2e-16 6.0999999999999996
2 -1.35e-15 6.0999999999999996 13.6 0 -1.2e-16 -1 -2.2e-16 1 -1.2e-16 1 2.2e-16 -2.6400000000000002e-32 0.59999999999999998
2 0 -1.2e-16 13.6 0 -1.2e-16 -1 1 0 0 0 -1 1.2e-16 6.0999999999999996
2 -1.885003665687 5.8014447493999999 13.6 0 -1.2e-16 -1 -0.3090169943750401 0.95105651629512344 -1.1412678195541481e-16 0.95105651629512344 0.3090169943750401 -3.7082039325004812e-17 0.59999999999999998
2 0 -1.2e-16 13.6 0 -1.2e-16 -1 1 0 0 0 -1 1.2e-16 6.0999999999999996
2 -3.5854900389840001 4.9350036656869998 13.6 0 -1.2e-16 -1 -0.5877852522921384 0.80901699437519059 -9.708203932502287e-17 0.80901699437519059 0.5877852522921384 -7.0534230275056606e-17 0.59999999999999998
2 0 -1.2e-16 13.6 0 -1.2e-16 -1 1 0 0 0 -1 1.2e-16 6.0999999999999996
2 -4.9350036656869998 3.5854900389840001 13.6 0 -1.2e-16 -1 -0.80901699437519059 0.5877852522921384 -7.0534230275056606e-17 0.5877852522921384 0.80901699437519059 -9.708203932502287e-17 0.59999999999999998
2 0 -1.2e-16 13.6 0 -1.2e-16 -1 1 0 0 0 -1 1.2e-16 6.0999999999999996
2 -5.8014447493999999 1.885003665687 13.6 -0 -1.2e-16 -1 -0.95105651629512344 0.3090169943750401 -3.7082039325004812e-17 0.3090169943750401 0.95105651629512344 -1.1412678195541481e-16 0.59999999999999998
2 0 -1.2e-16 13.6 0 -1.2e-16 -1 1 0 0 0 -1 1.2e-16 6.0999999999999996
2 -6.0999999999999996 -8.7000000000000004e-16 13.6 0 -1.2e-16 -1 -1 -1.2e-16 1.4400000000000001e-32 -1.2e-16 1 -1.2e-16 0.59999999999999998
2 0 -1.2e-16 13.6 0 -1.2e-16 -1 1 0 0 0 -1 1.2e-16 6.0999999999999996
2 -5.8014447493999999 -1.885003665687 13.6 0 -1.2e-16 -1 -0.95105651629512344 -0.3090169943750401 3.7082039325004812e-17 -0.3090169943750401 0.95105651629512344 -1.1412678195541481e-16 0.59999999999999998
2 0 -1.2e-16 13.6 0 -1.2e-16 -1 1 0 0 0 -1 1.2e-16 6.0999999999999996
2 -4.9350036656869998 -3.5854900389840001 13.6 0 -1.2e-16 -1 -0.80901699437519059 -0.5877852522921384 7.0534230275056606e-17 -0.5877852522921384 0.80901699437519059 -9.708203932502287e-17 0.59999999999999998
2 0 -1.2e-16 13.6 0 -1.2e-16 -1 1 0 0 0 -1 1.2e-16 6.0999999999999996
2 -3.5854900389840001 -4.9350036656869998 13.6 0 -1.2e-16 -1 -0.5877852522921384 -0.80901699437519059 9.708203932502287e-17 -0.80901699437519059 0.5877852522921384 -7.0534230275056606e-17 0.59999999999999998
2 0 -1.2e-16 13.6 0 -1.2e-16 -1 1 0 0 0 -1 1.2e-16 6.0999999999999996
2 -1.885003665687 -5.8014447493999999 13.6 -0 -1.2e-16 -1 -0.3090169943750401 -0.95105651629512344 1.1412678195541481e-16 -0.95105651629512344 0.3090169943750401 -3.7082039325004812e-17 0.59999999999999998
2 0 -1.2e-16 13.6 0 -1.2e-16 -1 1 0 0 0 -1 1.2e-16 6.0999999999999996
2 6.8000000000000001e-16 -6.0999999999999996 13.6 0 -1.2e-16 -1 1.1e-16 -1 1.2e-16 -1 -1.1e-16 1.3200000000000001e-32 0.59999999999999998
2 0 -1.2e-16 13.6 0 -1.2e-16 -1 1 0 0 0 -1 1.2e-16 6.0999999999999996
2 1.885003665687 -5.8014447493999999 13.6 0 -1.2e-16 -1 0.3090169943750401 -0.95105651629512344 1.1412678195541481e-16 -0.95105651629512344 -0.3090169943750401 3.7082039325004812e-17 0.59999999999999998
2 0 -1.2e-16 13.6 0 -1.2e-16 -1 1 0 0 0 -1 1.2e-16 6.0999999999999996
2 3.5854900389840001 -4.9350036656869998 13.6 0 -1.2e-16 -1 0.5877852522921384 -0.80901699437519059 9.708203932502287e-17 -0.80901699437519059 -0.5877852522921384 7.0534230275056606e-17 0.59999999999999998
2 0 -1.2e-16 13.6 0 -1.2e-16 -1 1 0 0 0 -1 1.2e-16 6.0999999999999996
2 4.9350036656869998 -3.5854900389840001 13.6 0 -1.2e-16 -1 0.80901699437519059 -0.5877852522921384 7.0534230275056606e-17 -0.5877852522921384 -0.80901699437519059 9.708203932502287e-17 0.59999999999999998
2 0 -1.2e-16 13.6 0 -1.2e-16 -1 1 0 0 0 -1 1.2e-16 6.0999999999999996
2 5.8014447493999999 -1.885003665687 13.6 -0 -1.2e-16 -1 0.95105651629512344 -0.3090169943750401 3.7082039325004812e-17 -0.3090169943750401 -0.95105651629512344 1.1412678195541481e-16 0.59999999999999998
1 9 -6.0000000000000001e-17 14.1 -0.70710678118654757 -8.9999999999999996e-17 -0.70710678118654757 
2 0 -6.0000000000000001e-17 14.1 0 -1.2e-16 -1 1 0 0 0 -1 1.2e-16 9
2 0 -1.0499999999999999e-15 6 0 -1.2e-16 -1 1 0 0 0 -1 1.2e-16 6.0999999999999996
1 6.0704918032790003 -0.59927394931400002 13.6 0 -1.2e-16 -1 
1 5.9585666212490001 -1.305941736886 13.6 0 -1.2e-16 -1 
2 5.8014447493999999 -1.885003665687 6 -0 -1.2e-16 -1 0.95105651629512344 -0.3090169943750401 3.7082039325004812e-17 -0.3090169943750401 -0.95105651629512344 1.1412678195541481e-16 0.59999999999999998
1 5.5881949520000003 -2.4458285259679999 13.6 0 -1.2e-16 -1 
2 0 -1.0499999999999999e-15 6 0 -1.2e-16 -1 1 0 0 0 -1 1.2e-16 6.0999999999999996
1 5.2633754225559999 -3.0833227468479998 13.6 0 -1.2e-16 -1 
2 4.9350036656869998 -3.5854900389840001 6 0 -1.2e-16 -1 0.80901699437519059 -0.5877852522921384 7.0534230275056606e-17 -0.5877852522921384 -0.80901699437519059 9.708203932502287e-17 0.59999999999999998
1 4.5588866435769999 -4.052968365411 13.6 0 -1.2e-16 -1 
2 0 -1.0499999999999999e-15 6 0 -1.2e-16 -1 1 0 0 0 -1 1.2e-16 6.0999999999999996
1 4.052968365411 -4.5588866435769999 13.6 0 -1.2e-16 -1 
2 3.5854900389840001 -4.9350036656869998 6 0 -1.2e-16 -1 0.5877852522921384 -0.80901699437519059 9.708203932502287e-17 -0.80901699437519059 -0.5877852522921384 7.0534230275056606e-17 0.59999999999999998
1 3.0833227468479998 -5.2633754225559999 13.6 0 -1.2e-16 -1 
2 0 -1.0499999999999999e-15 6 0 -1.2e-16 -1 1 0 0 0 -1 1.2e-16 6.0999999999999996
1 2.4458285259679999 -5.5881949520000003 13.6 0 -1.2e-16 -1 
2 1.885003665687 -5.8014447493999999 6 0 -1.2e-16 -1 0.3090169943750401 -0.95105651629512344 1.1412678195541481e-16 -0.95105651629512344 -0.3090169943750401 3.7082039325004812e-17 0.59999999999999998
1 1.305941736886 -5.9585666212490001 13.6 0 -1.2e-16 -1 
2 0 -1.0499999999999999e-15 6 0 -1.2e-16 -1 1 0 0 0 -1 1.2e-16 6.0999999999999996
1 0.59927394931400002 -6.0704918032790003 13.6 0 -1.2e-16 -1 
2 6.8000000000000001e-16 -6.0999999999999996 6 0 -1.2e-16 -1 1.1e-16 -1 1.2e-16 -1 -1.1e-16 1.3200000000000001e-32 0.59999999999999998
1 -0.59927394931400002 -6.0704918032790003 13.6 0 -1.2e-16 -1 
2 0 -1.0499999999999999e-15 6 0 -1.2e-16 -1 1 0 0 0 -1 1.2e-16 6.0999999999999996
1 -1.305941736886 -5.9585666212490001 13.6 0 -1.2e-16 -1 
2 -1.885003665687 -5.8014447493999999 6 -0 -1.2e-16 -1 -0.3090169943750401 -0.95105651629512344 1.1412678195541481e-16 -0.95105651629512344 0.3090169943750401 -3.7082039325004812e-17 0.59999999999999998
1 -2.4458285259679999 -5.5881949520000003 13.6 0 -1.2e-16 -1 
2 0 -1.0499999999999999e-15 6 0 -1.2e-16 -1 1 0 0 0 -1 1.2e-16 6.0999999999999996
1 -3.0833227468479998 -5.2633754225559999 13.6 0 -1.2e-16 -1 
2 -3.5854900389840001 -4.9350036656869998 6 0 -1.2e-16 -1 -0.5877852522921384 -0.80901699437519059 9.708203932502287e-17 -0.80901699437519059 0.5877852522921384 -7.0534230275056606e-17 0.59999999999999998
1 -4.052968365411 -4.5588866435769999 13.6 0 -1.2e-16 -1 
2 0 -1.0499999999999999e-15 6 0 -1.2e-16 -1 1 0 0 0 -1 1.2e-16 6.0999999999999996
1 -4.5588866435769999 -4.052968365411 13.6 0 -1.2e-16 -1 
2 -4.9350036656869998 -3.5854900389840001 6 0 -1.2e-16 -1 -0.80901699437519059 -0.5877852522921384 7.0534230275056606e-17 -0.5877852522921384 0.80901699437519059 -9.708203932502287e-17 0.59999999999999998
1 -5.2633754225559999 -3.0833227468479998 13.6 0 -1.2e-16 -1 
2 0 -1.0499999999999999e-15 6 0 -1.2e-16 -1 1 0 0 0 -1 1.2e-16 6.0999999999999996
1 -5.5881949520000003 -2.4458285259679999 13.6 0 -1.2e-16 -1 
2 -5.8014447493999999 -1.885003665687 6 0 -1.2e-16 -1 -0.95105651629512344 -0.3090169943750401 3.7082039325004812e-17 -0.3090169943750401 0.95105651629512344 -1.1412678195541481e-16 0.59999999999999998
1 -5.9585666212490001 -1.305941736886 13.6 0 -1.2e-16 -1 
2 0 -1.0499999999999999e-15 6 0 -1.2e-16 -1 1 0 0 0 -1 1.2e-16 6.0999999999999996
1 -6.0704918032790003 -0.59927394931400002 13.6 0 -1.2e-16 -1 
2 -6.0999999999999996 -1.8000000000000001e-15 6 0 -1.2e-16 -1 -1 -1.2e-16 1.4400000000000001e-32 -1.2e-16 1 -1.2e-16 0.59999999999999998
1 -6.0704918032790003 0.59927394931400002 13.6 0 -1.2e-16 -1 
1 -5.9585666212490001 1.305941736886 13.6 0 -1.2e-16 -1 
2 0 -1.0499999999999999e-15 6 0 -1.2e-16 -1 1 0 0 0 -1 1.2e-16 6.0999999999999996
2 -5.8014447493999999 1.885003665687 6 -0 -1.2e-16 -1 -0.95105651629512344 0.3090169943750401 -3.7082039325004812e-17 0.3090169943750401 0.95105651629512344 -1.1412678195541481e-16 0.59999999999999998
1 -5.5881949520000003 2.4458285259679999 13.6 0 -1.2e-16 -1 
1 -5.2633754225559999 3.0833227468479998 13.6 0 -1.2e-16 -1 
2 0 -1.0499999999999999e-15 6 0 -1.2e-16 -1 1 0 0 0 -1 1.2e-16 6.0999999999999996
2 -4.9350036656869998 3.5854900389840001 6 0 -1.2e-16 -1 -0.80901699437519059 0.5877852522921384 -7.0534230275056606e-17 0.5877852522921384 0.80901699437519059 -9.708203932502287e-17 0.59999999999999998
1 -4.5588866435769999 4.052968365411 13.6 0 -1.2e-16 -1 
1 -4.052968365411 4.5588866435769999 13.6 0 -1.2e-16 -1 
2 0 -1.0499999999999999e-15 6 0 -1.2e-16 -1 1 0 0 0 -1 1.2e-16 6.0999999999999996
2 -3.5854900389840001 4.9350036656869998 6 0 -1.2e-16 -1 -0.5877852522921384 0.80901699437519059 -9.708203932502287e-17 0.80901699437519059 0.5877852522921384 -7.0534230275056606e-17 0.59999999999999998
1 -3.0833227468479998 5.2633754225559999 13.6 0 -1.2e-16 -1 
1 -2.4458285259679999 5.5881949520000003 13.6 0 -1.2e-16 -1 
2 0 -1.0499999999999999e-15 6 0 -1.2e-16 -1 1 0 0 0 -1 1.2e-16 6.0999999999999996
2 -1.885003665687 5.8014447493999999 6 0 -1.2e-16 -1 -0.3090169943750401 0.95105651629512344 -1.1412678195541481e-16 0.95105651629512344 0.3090169943750401 -3.7082039325004812e-17 0.59999999999999998
1 -1.305941736886 5.9585666212490001 13.6 0 -1.2e-16 -1 
1 -0.59927394931400002 6.0704918032790003 13.6 0 -1.2e-16 -1 
2 0 -1.0499999999999999e-15 6 0 -1.2e-16 -1 1 0 0 0 -1 1.2e-16 6.0999999999999996
2 -1.35e-15 6.0999999999999996 6 0 -1.2e-16 -1 -2.2e-16 1 -1.2e-16 1 2.2e-16 -2.6400000000000002e-32 0.59999999999999998
1 0.59927394931400002 6.0704918032790003 13.6 0 -1.2e-16 -1 
1 1.305941736886 5.9585666212490001 13.6 0 -1.2e-16 -1 
2 0 -1.0499999999999999e-15 6 0 -1.2e-16 -1 1 0 0 0 -1 1.2e-16 6.0999999999999996
2 1.885003665687 5.8014447493999999 6 -0 -1.2e-16 -1 0.3090169943750401 0.95105651629512344 -1.1412678195541481e-16 0.95105651629512344 -0.3090169943750401 3.7082039325004812e-17 0.59999999999999998
1 2.4458285259679999 5.5881949520000003 13.6 0 -1.2e-16 -1 
1 3.0833227468479998 5.2633754225559999 13.6 0 -1.2e-16 -1 
2 0 -1.0499999999999999e-15 6 0 -1.2e-16 -1 1 0 0 0 -1 1.2e-16 6.0999999999999996
2 3.5854900389840001 4.9350036656869998 6 0 -1.2e-16 -1 0.5877852522921384 0.80901699437519059 -9.708203932502287e-17 0.80901699437519059 -0.5877852522921384 7.0534230275056606e-17 0.59999999999999998
1 4.052968365411 4.5588866435769999 13.6 0 -1.2e-16 -1 
1 4.5588866435769999 4.052968365411 13.6 0 -1.2e-16 -1 
2 0 -1.0499999999999999e-15 6 0 -1.2e-16 -1 1 0 0 0 -1 1.2e-16 6.0999999999999996
2 4.9350036656869998 3.5854900389840001 6 0 -1.2e-16 -1 0.80901699437519059 0.5877852522921384 -7.0534230275056606e-17 0.5877852522921384 -0.80901699437519059 9.708203932502287e-17 0.59999999999999998
1 5.2633754225559999 3.0833227468479998 13.6 0 -1.2e-16 -1 
1 5.5881949520000003 2.4458285259679999 13.6 0 -1.2e-16 -1 
2 0 -1.0499999999999999e-15 6 0 -1.2e-16 -1 1 0 0 0 -1 1.2e-16 6.0999999999999996
2 5.8014447493999999 1.885003665687 6 0 -1.2e-16 -1 0.95105651629512344 0.3090169943750401 -3.7082039325004812e-17 0.3090169943750401 -0.95105651629512344 1.1412678195541481e-16 0.59999999999999998
1 5.9585666212490001 1.305941736886 13.6 0 -1.2e-16 -1 
1 6.0704918032790003 0.59927394931400002 13.6 0 -1.2e-16 -1 
2 0 -1.0499999999999999e-15 6 0 -1.2e-16 -1 1 0 0 0 -1 1.2e-16 6.0999999999999996
2 6.0999999999999996 -1.0499999999999999e-15 6 0 -1.2e-16 -1 1 0 0 0 -1 1.2e-16 0.59999999999999998
1 9 2.1999999999999999e-15 14.6 0 -1.2e-16 -1 
2 0 0 14.6 0 -1.2e-16 -1 1 0 0 0 -1 1.2e-16 9
2 0 -1.0499999999999999e-15 6 0 -1.2e-16 -1 1 0 0 0 -1 1.2e-16 8.5
2 0 0 14.6 0 -1.2e-16 -1 1 0 0 0 -1 1.2e-16 2.5
1 9 -1.1100000000000001e-15 5.5 -0.70710678118654757 8.9999999999999996e-17 0.70710678118654757 
2 0 -1.1100000000000001e-15 5.5 0 -1.2e-16 -1 1 0 0 0 -1 1.2e-16 9
1 2.5 6.0999999999999995e-16 14.6 0 -1.2e-16 -1 
